-1.0 0.06037270875019906
-0.99899949975 0.06022743533995012
-0.9979989995 0.06022790438820889
-0.99699849925 0.06059226356143292
-0.995997999 0.06033774337252926
-0.994997498749 0.060973792162282825
-0.993996998499 0.060987794313897975
-0.992996498249 0.06199675245786836
-0.991995997999 0.06315732201923126
-0.990995497749 0.061754113945907095
-0.989994997499 0.06171399979400352
-0.988994497249 0.06229878122168585
-0.987993996998 0.06218566761436747
-0.986993496748 0.0626214338532921
-0.985992996498 0.06453092152852086
-0.984992496248 0.06412599549830772
-0.983991995998 0.06413506087612364
-0.982991495748 0.06248509169821048
-0.981990995498 0.06223808350898982
-0.980990495248 0.06201101434518241
-0.979989994997 0.062180876612574654
-0.978989494747 0.061733927950079315
-0.977988994497 0.06122312029848895
-0.976988494247 0.06104109608785921
-0.975987993997 0.06079097093978619
-0.974987493747 0.060982490297495515
-0.973986993497 0.06093573655401575
-0.972986493247 0.07197422328970292
-0.971985992996 0.0741302396808231
-0.970985492746 0.07344339740295946
-0.969984992496 0.0732910779693139
-0.968984492246 0.07265658418091404
-0.967983991996 0.07633004336485606
-0.966983491746 0.07569709554281674
-0.965982991496 0.07478799669957521
-0.964982491246 0.06339481788961196
-0.963981990995 0.06325344483744942
-0.962981490745 0.06328760080383117
-0.961980990495 0.0639406327450247
-0.960980490245 0.06405866661947184
-0.959979989995 0.06505452156907623
-0.958979489745 0.06324852612652249
-0.957978989495 0.06300097531290033
-0.956978489245 0.06290163016224158
-0.955977988994 0.06332631372084242
-0.954977488744 0.06228952342161718
-0.953976988494 0.06464195192787942
-0.952976488244 0.06456983942448188
-0.951975987994 0.06493522584483714
-0.950975487744 0.06443441916245654
-0.949974987494 0.06441366099669997
-0.948974487244 0.06395628872434296
-0.947973986993 0.06362770089549716
-0.946973486743 0.06255521719208576
-0.945972986493 0.062091298204418284
-0.944972486243 0.05964445808061276
-0.943971985993 0.058509804858097064
-0.942971485743 0.05842790468954355
-0.941970985493 0.0570363500605694
-0.940970485243 0.055671133170682764
-0.939969984992 0.054220647843126094
-0.938969484742 0.05329503851343307
-0.937968984492 0.05229343671086426
-0.936968484242 0.05141323254138632
-0.935967983992 0.050886582468729936
-0.934967483742 0.05034549589725553
-0.933966983492 0.04981645233083706
-0.932966483242 0.04951773629206258
-0.931965982991 0.05019537229931006
-0.930965482741 0.049679102865737346
-0.929964982491 0.04952319083088832
-0.928964482241 0.04967920347541803
-0.927963981991 0.04923078729304198
-0.926963481741 0.049103983965365874
-0.925962981491 0.04908653219327738
-0.924962481241 0.04905462923042767
-0.92396198099 0.04901948229511259
-0.92296148074 0.04880766364643162
-0.92196098049 0.04863080144740707
-0.92096048024 0.04899210770095484
-0.91995997999 0.04910268716162878
-0.91895947974 0.049243836518380844
-0.91795897949 0.04948361584543426
-0.91695847924 0.04961127689161736
-0.915957978989 0.05012869710332751
-0.914957478739 0.050956135724334065
-0.913956978489 0.05226192698931331
-0.912956478239 0.05231060142392917
-0.911955977989 0.052275859670093835
-0.910955477739 0.051457304430432775
-0.909954977489 0.05339590703321681
-0.908954477239 0.04667105830171189
-0.907953976988 0.04521400345708075
-0.906953476738 0.046381669894642936
-0.905952976488 0.046130653984755604
-0.904952476238 0.046000616246181486
-0.903951975988 0.04587011004464277
-0.902951475738 0.04566526034326013
-0.901950975488 0.04865809033133847
-0.900950475238 0.05114037130647659
-0.899949974987 0.06465522906840461
-0.898949474737 0.051589382470377546
-0.897948974487 0.04951811851803518
-0.896948474237 0.04882106932339719
-0.895947973987 0.04798200285059603
-0.894947473737 0.048259225784269576
-0.893946973487 0.04894054574140589
-0.892946473237 0.05018915703085036
-0.891945972986 0.049718946562429964
-0.890945472736 0.05005673908287647
-0.889944972486 0.050811295877841126
-0.888944472236 0.050541253800189694
-0.887943971986 0.05062040344493521
-0.886943471736 0.050939142692204745
-0.885942971486 0.051950284549144056
-0.884942471236 0.05254288122369194
-0.883941970985 0.05393186869422455
-0.882941470735 0.05553116967461216
-0.881940970485 0.05380772351600533
-0.880940470235 0.056244296377366
-0.879939969985 0.0567271245198045
-0.878939469735 0.05631234677804239
-0.877938969485 0.05642161613087335
-0.876938469235 0.0563020629637031
-0.875937968984 0.055694933073626836
-0.874937468734 0.055827356959067195
-0.873936968484 0.05507830506673454
-0.872936468234 0.05775616304188272
-0.871935967984 0.05774089540035951
-0.870935467734 0.05788520643913956
-0.869934967484 0.05858041723239264
-0.868934467234 0.06250106350945182
-0.867933966983 0.06455548358003298
-0.866933466733 0.060421475385844005
-0.865932966483 0.05953813422228716
-0.864932466233 0.05959289045289645
-0.863931965983 0.06138870484923936
-0.862931465733 0.0642655216448346
-0.861930965483 0.06468848411141974
-0.860930465233 0.06529029940338468
-0.859929964982 0.06287793738681803
-0.858929464732 0.061889975640907854
-0.857928964482 0.06141125222392492
-0.856928464232 0.06206477561826615
-0.855927963982 0.06193197187216905
-0.854927463732 0.062033243058318026
-0.853926963482 0.06250734987838824
-0.852926463232 0.06374502522359028
-0.851925962981 0.06279973910391502
-0.850925462731 0.06106485411814755
-0.849924962481 0.06145611042286366
-0.848924462231 0.060621961638795456
-0.847923961981 0.056266133923255794
-0.846923461731 0.05364193411082628
-0.845922961481 0.05261855765947484
-0.844922461231 0.05270046857993235
-0.84392196098 0.05035056898187066
-0.84292146073 0.04986178665508411
-0.84192096048 0.04948042366970958
-0.84092046023 0.04906085873218846
-0.83991995998 0.04886407489450086
-0.83891945973 0.04746813766429889
-0.83791895948 0.04724082239837475
-0.83691845923 0.04831373068514656
-0.835917958979 0.045641862404439064
-0.834917458729 0.045405503629918804
-0.833916958479 0.04521436594488552
-0.832916458229 0.04488433259835962
-0.831915957979 0.044633408892781834
-0.830915457729 0.04443491342727456
-0.829914957479 0.044783919328164
-0.828914457229 0.04484178036934579
-0.827913956978 0.04499030937329547
-0.826913456728 0.04664658636512806
-0.825912956478 0.04723896745238124
-0.824912456228 0.04727757793885857
-0.823911955978 0.04824187037953437
-0.822911455728 0.047909132583269676
-0.821910955478 0.049205691121796985
-0.820910455228 0.049426102342451705
-0.819909954977 0.04871090688229482
-0.818909454727 0.04879109722145839
-0.817908954477 0.048652762627349286
-0.816908454227 0.04743089971405136
-0.815907953977 0.04703763416919833
-0.814907453727 0.04650461667010351
-0.813906953477 0.046845213299974715
-0.812906453227 0.046807698059265
-0.811905952976 0.04657684384602824
-0.810905452726 0.046659457311644364
-0.809904952476 0.046489721652051744
-0.808904452226 0.04632279088620459
-0.807903951976 0.04651641658271807
-0.806903451726 0.04777527882655411
-0.805902951476 0.05002778455846476
-0.804902451226 0.04990391890684805
-0.803901950975 0.04912673706423331
-0.802901450725 0.04892391079437147
-0.801900950475 0.049073466881574226
-0.800900450225 0.04970732824938558
-0.799899949975 0.049197691306587
-0.798899449725 0.04907043040821088
-0.797898949475 0.048558206966560755
-0.796898449225 0.04858191786733732
-0.795897948974 0.048745007103794154
-0.794897448724 0.048545275964359334
-0.793896948474 0.04840846452992832
-0.792896448224 0.04792273247474153
-0.791895947974 0.04797131715071308
-0.790895447724 0.047967589539882616
-0.789894947474 0.042544403063750846
-0.788894447224 0.0424118042238277
-0.787893946973 0.0422666121355323
-0.786893446723 0.04217426462652288
-0.785892946473 0.0421698208298498
-0.784892446223 0.042195436958714916
-0.783891945973 0.042335726188696
-0.782891445723 0.04206468651516086
-0.781890945473 0.041986710316001076
-0.780890445223 0.041931172476867895
-0.779889944972 0.04195357555304123
-0.778889444722 0.042014766767437206
-0.777888944472 0.04205105658068663
-0.776888444222 0.042280142754948055
-0.775887943972 0.04292311270707482
-0.774887443722 0.043250118197977076
-0.773886943472 0.04393026254834972
-0.772886443222 0.04446348401179323
-0.771885942971 0.04645885795733809
-0.770885442721 0.04666395465769875
-0.769884942471 0.04447791770449431
-0.768884442221 0.04429461148761904
-0.767883941971 0.044931055404727416
-0.766883441721 0.043987830685097616
-0.765882941471 0.052545722565614364
-0.764882441221 0.05080736694434281
-0.76388194097 0.054822241769912426
-0.76288144072 0.0502329253095893
-0.76188094047 0.04948329143166839
-0.76088044022 0.04944627351434004
-0.75987993997 0.049289339174794555
-0.75887943972 0.04918767486319008
-0.75787893947 0.049437981555008045
-0.75687843922 0.048463957157142065
-0.755877938969 0.04793592828465488
-0.754877438719 0.04762601603298812
-0.753876938469 0.04736465886038335
-0.752876438219 0.047241798927984406
-0.751875937969 0.04748873897325599
-0.750875437719 0.04780378471192508
-0.749874937469 0.04817540635966914
-0.748874437219 0.048810299446130696
-0.747873936968 0.04946817182593793
-0.746873436718 0.05016453469029833
-0.745872936468 0.051354777598942115
-0.744872436218 0.05236353129478304
-0.743871935968 0.05372377303397473
-0.742871435718 0.05512192098395627
-0.741870935468 0.057550144520356415
-0.740870435218 0.06579988823065099
-0.739869934967 0.07225654617793963
-0.738869434717 0.07498158890685436
-0.737868934467 0.08039233153301514
-0.736868434217 0.06895679068033117
-0.735867933967 0.06480158072421933
-0.734867433717 0.06275991121364352
-0.733866933467 0.06212057287916571
-0.732866433217 0.06112013312716582
-0.731865932966 0.06180268931630599
-0.730865432716 0.061288182032899305
-0.729864932466 0.05900451213313007
-0.728864432216 0.058395610597168426
-0.727863931966 0.05809726656253045
-0.726863431716 0.05690858109573319
-0.725862931466 0.05515531453364922
-0.724862431216 0.053216728972317516
-0.723861930965 0.053055157026955214
-0.722861430715 0.05268007877311629
-0.721860930465 0.052382844806393714
-0.720860430215 0.05227509105103002
-0.719859929965 0.05218700959947801
-0.718859429715 0.05208056219854254
-0.717858929465 0.051816926319973214
-0.716858429215 0.05149991915737895
-0.715857928964 0.051337205521946316
-0.714857428714 0.051164838855386786
-0.713856928464 0.05083435783236188
-0.712856428214 0.05048931353813179
-0.711855927964 0.0501886640741589
-0.710855427714 0.04994984602132323
-0.709854927464 0.04970891728668067
-0.708854427214 0.04953524614781894
-0.707853926963 0.04918131084242881
-0.706853426713 0.048945499830901934
-0.705852926463 0.04870963781900658
-0.704852426213 0.048550828411493795
-0.703851925963 0.0481710977191825
-0.702851425713 0.04793719195475424
-0.701850925463 0.047766279766606926
-0.700850425213 0.04761951680366541
-0.699849924962 0.047299530766216874
-0.698849424712 0.047245439746071566
-0.697848924462 0.04714126212279495
-0.696848424212 0.046895377727647326
-0.695847923962 0.046867974342521525
-0.694847423712 0.04693495446996364
-0.693846923462 0.04689395171104155
-0.692846423212 0.046651226219886946
-0.691845922961 0.04661592424351098
-0.690845422711 0.04652793116536874
-0.689844922461 0.04650975757292206
-0.688844422211 0.04574219452690903
-0.687843921961 0.04601435490137165
-0.686843421711 0.04648103503300926
-0.685842921461 0.04742754354081375
-0.684842421211 0.051340589948469254
-0.68384192096 0.05771568762499491
-0.68284142071 0.053409182343025864
-0.68184092046 0.05100388213994765
-0.68084042021 0.051155486466339724
-0.67983991996 0.05040792205189895
-0.67883941971 0.050063875984630316
-0.67783891946 0.050223325585777294
-0.67683841921 0.049895305463371974
-0.675837918959 0.0601580955321659
-0.674837418709 0.06313280006641828
-0.673836918459 0.06598395606293282
-0.672836418209 0.07249877921279578
-0.671835917959 0.06554881467908909
-0.670835417709 0.0597381466811893
-0.669834917459 0.05261560902298481
-0.668834417209 0.051882076287633194
-0.667833916958 0.05342398847059943
-0.666833416708 0.05683491866575138
-0.665832916458 0.05582216228659714
-0.664832416208 0.04727189053505536
-0.663831915958 0.04713036046354285
-0.662831415708 0.046576021965974136
-0.661830915458 0.04637880742430696
-0.660830415208 0.046266471194145405
-0.659829914957 0.046298948750143884
-0.658829414707 0.046405518319421094
-0.657828914457 0.04672648528112291
-0.656828414207 0.046801009846585015
-0.655827913957 0.04663433360654402
-0.654827413707 0.04651096843575982
-0.653826913457 0.046696018447746984
-0.652826413207 0.04654834359386224
-0.651825912956 0.04671458435538227
-0.650825412706 0.0466079537371259
-0.649824912456 0.04669279240411326
-0.648824412206 0.046920337517893436
-0.647823911956 0.046886529172577456
-0.646823411706 0.04704795014677734
-0.645822911456 0.04708256807984932
-0.644822411206 0.047349610210383836
-0.643821910955 0.047613548543051616
-0.642821410705 0.047732757196596406
-0.641820910455 0.04782671619907869
-0.640820410205 0.04814362786844486
-0.639819909955 0.04823777978647506
-0.638819409705 0.04852776612951761
-0.637818909455 0.04884851496153489
-0.636818409205 0.049134930444284235
-0.635817908954 0.04938787126612814
-0.634817408704 0.04969997678816467
-0.633816908454 0.04991992386353113
-0.632816408204 0.050144877678469674
-0.631815907954 0.05041478599163236
-0.630815407704 0.05075356397939332
-0.629814907454 0.051174195774888256
-0.628814407204 0.05084418124960879
-0.627813906953 0.05103979443959975
-0.626813406703 0.05187772424106771
-0.625812906453 0.051380335148258995
-0.624812406203 0.05120333328640068
-0.623811905953 0.05130203170734221
-0.622811405703 0.05150913867360318
-0.621810905453 0.05186067702836073
-0.620810405203 0.05228177614495624
-0.619809904952 0.05271678911754462
-0.618809404702 0.0530164923098633
-0.617808904452 0.053202638652717044
-0.616808404202 0.05346761899839481
-0.615807903952 0.05377749885300981
-0.614807403702 0.054136147375606535
-0.613806903452 0.05457117339453305
-0.612806403202 0.055202337149708625
-0.611805902951 0.05592970964792035
-0.610805402701 0.056844857533020605
-0.609804902451 0.05737580070538093
-0.608804402201 0.05907888413822665
-0.607803901951 0.05806247775287235
-0.606803401701 0.058860514478194854
-0.605802901451 0.056389117360847354
-0.604802401201 0.05686268750442139
-0.60380190095 0.05692914316604637
-0.6028014007 0.05695470172968678
-0.60180090045 0.0572548897328687
-0.6008004002 0.05782889383361357
-0.59979989995 0.058189058722203785
-0.5987993997 0.059640339480027026
-0.59779889945 0.05924002070728908
-0.5967983992 0.05898815753967901
-0.595797898949 0.058941637016804396
-0.594797398699 0.05883291231289349
-0.593796898449 0.05909084927456417
-0.592796398199 0.05973923088874355
-0.591795897949 0.05969856201453107
-0.590795397699 0.06006575855690857
-0.589794897449 0.059967043204975035
-0.588794397199 0.06089750557788584
-0.587793896948 0.06203861702408153
-0.586793396698 0.06276651378779635
-0.585792896448 0.060811729725863725
-0.584792396198 0.06063358135285133
-0.583791895948 0.0604853446835281
-0.582791395698 0.06115894075856613
-0.581790895448 0.0656272012821095
-0.580790395198 0.06614133341697252
-0.579789894947 0.061327194177593775
-0.578789394697 0.061092945365697836
-0.577788894447 0.05582875101313631
-0.576788394197 0.05547446130867594
-0.575787893947 0.05513030606403972
-0.574787393697 0.055055803327186244
-0.573786893447 0.055092961924074514
-0.572786393197 0.05514579252703599
-0.571785892946 0.055172020077766955
-0.570785392696 0.055452853195417776
-0.569784892446 0.055510466062605415
-0.568784392196 0.055649778914223395
-0.567783891946 0.0558312932322273
-0.566783391696 0.056264020472597695
-0.565782891446 0.05689014300725087
-0.564782391196 0.05756040441699921
-0.563781890945 0.05812590760729698
-0.562781390695 0.05713448225871654
-0.561780890445 0.0577998787716256
-0.560780390195 0.05606961599983427
-0.559779889945 0.05644340234555659
-0.558779389695 0.055993919529892605
-0.557778889445 0.05617167041847967
-0.556778389195 0.05533688829018944
-0.555777888944 0.055683107033862145
-0.554777388694 0.05555166110337533
-0.553776888444 0.05521438182378221
-0.552776388194 0.05456539624397218
-0.551775887944 0.054360093720666906
-0.550775387694 0.0541530431066719
-0.549774887444 0.05383502105819841
-0.548774387194 0.053653286682382416
-0.547773886943 0.053256557178923636
-0.546773386693 0.05310284227997002
-0.545772886443 0.0527946028397084
-0.544772386193 0.05244981710430738
-0.543771885943 0.05231679872802406
-0.542771385693 0.052695753242169886
-0.541770885443 0.051933163745714585
-0.540770385193 0.05060492238912348
-0.539769884942 0.047545396782494115
-0.538769384692 0.04741272448925861
-0.537768884442 0.047345570256381905
-0.536768384192 0.0468755901361379
-0.535767883942 0.04672054001974284
-0.534767383692 0.046795072914802824
-0.533766883442 0.04712792511559769
-0.532766383192 0.046483012933338314
-0.531765882941 0.04627882853054458
-0.530765382691 0.04579237065793649
-0.529764882441 0.045548779370352545
-0.528764382191 0.0453412283009587
-0.527763881941 0.04511964430406887
-0.526763381691 0.044898398512570444
-0.525762881441 0.045148593647677725
-0.524762381191 0.043815755857270045
-0.52376188094 0.04287952944504564
-0.52276138069 0.042672695183814786
-0.52176088044 0.04240272141372903
-0.52076038019 0.042183637444761696
-0.51975987994 0.042124693558604064
-0.51875937969 0.04207848464500643
-0.51775887944 0.04187584290592056
-0.51675837919 0.04167426345793716
-0.515757878939 0.04142258575739154
-0.514757378689 0.04133162565431834
-0.513756878439 0.04130352173547996
-0.512756378189 0.04044863425914614
-0.511755877939 0.04026905110705757
-0.510755377689 0.0400222607046783
-0.509754877439 0.0398931766568005
-0.508754377189 0.03970816034475822
-0.507753876938 0.03941157992214782
-0.506753376688 0.039176117887576814
-0.505752876438 0.03899831736833669
-0.504752376188 0.03893327517573759
-0.503751875938 0.03888099516542223
-0.502751375688 0.0388131700569463
-0.501750875438 0.03865278700334157
-0.500750375188 0.03835532345150317
-0.499749874937 0.03793695513072125
-0.498749374687 0.03774441897085758
-0.497748874437 0.037654278964359605
-0.496748374187 0.03758516900444729
-0.495747873937 0.037913399836060076
-0.494747373687 0.037458219100827125
-0.493746873437 0.03712575797744311
-0.492746373187 0.03690669673117063
-0.491745872936 0.03677752668868884
-0.490745372686 0.03674857858385526
-0.489744872436 0.036633525876222144
-0.488744372186 0.036454159706119184
-0.487743871936 0.03634843723113927
-0.486743371686 0.03626686341813452
-0.485742871436 0.03625603268234366
-0.484742371186 0.0357470953961403
-0.483741870935 0.03566329888136962
-0.482741370685 0.03539779056065802
-0.481740870435 0.035319743931262096
-0.480740370185 0.035191938000105324
-0.479739869935 0.03502715248286634
-0.478739369685 0.03505774460388835
-0.477738869435 0.03518079113544252
-0.476738369185 0.03517340762123064
-0.475737868934 0.03604517110029887
-0.474737368684 0.035463485452998794
-0.473736868434 0.035074860411175836
-0.472736368184 0.035109925541919135
-0.471735867934 0.034962485927395204
-0.470735367684 0.0349629572058835
-0.469734867434 0.03498776311244487
-0.468734367184 0.03511335118118612
-0.467733866933 0.03509485632528643
-0.466733366683 0.035086063996174366
-0.465732866433 0.03519538537199945
-0.464732366183 0.035105492624735946
-0.463731865933 0.035017125913364075
-0.462731365683 0.035472720711275926
-0.461730865433 0.03580902310608038
-0.460730365183 0.035746677546153766
-0.459729864932 0.035762022325750105
-0.458729364682 0.035757854067287397
-0.457728864432 0.035791261903495956
-0.456728364182 0.03580298928818505
-0.455727863932 0.0360118479714218
-0.454727363682 0.03595059428832376
-0.453726863432 0.036037264085488296
-0.452726363182 0.03811902576561341
-0.451725862931 0.03993616075848012
-0.450725362681 0.04007889910664369
-0.449724862431 0.04141165590270409
-0.448724362181 0.04039565513773305
-0.447723861931 0.04265876120580499
-0.446723361681 0.04315881022535612
-0.445722861431 0.04280187971215524
-0.444722361181 0.0428844597382791
-0.44372186093 0.04250078748078816
-0.44272136068 0.04263865666243713
-0.44172086043 0.04237013915157449
-0.44072036018 0.04182711198598722
-0.43971985993 0.04177204307493079
-0.43871935968 0.041875463975729166
-0.43771885943 0.04232374770718217
-0.43671835918 0.042113823021474026
-0.435717858929 0.04290955776427741
-0.434717358679 0.042153404665084736
-0.433716858429 0.04154741459167265
-0.432716358179 0.04120739615784376
-0.431715857929 0.04086702586420311
-0.430715357679 0.0409145186771726
-0.429714857429 0.04168392902913747
-0.428714357179 0.040764493957106726
-0.427713856928 0.040455431254440455
-0.426713356678 0.04034045424404993
-0.425712856428 0.04082048172023384
-0.424712356178 0.04052998995125031
-0.423711855928 0.040015135019941146
-0.422711355678 0.03992918263574263
-0.421710855428 0.039291756289756605
-0.420710355178 0.03849955569932986
-0.419709854927 0.0378083120487341
-0.418709354677 0.037018265021558965
-0.417708854427 0.03630673159250197
-0.416708354177 0.03558681813641417
-0.415707853927 0.03475576215532386
-0.414707353677 0.033568444402366004
-0.413706853427 0.03269891194563507
-0.412706353177 0.03201719163737624
-0.411705852926 0.031196756490877085
-0.410705352676 0.030652643884844177
-0.409704852426 0.03017630370250419
-0.408704352176 0.029549627730804693
-0.407703851926 0.02911886356913244
-0.406703351676 0.0287019277454846
-0.405702851426 0.028141984231861386
-0.404702351176 0.027783810561687362
-0.403701850925 0.027471982327347325
-0.402701350675 0.02694555262635306
-0.401700850425 0.02666882062204852
-0.400700350175 0.026340414021952297
-0.399699849925 0.026012960854851913
-0.398699349675 0.025649022714928728
-0.397698849425 0.025463737702094404
-0.396698349175 0.0251472393011643
-0.395697848924 0.02491417843462898
-0.394697348674 0.02449324198391828
-0.393696848424 0.024180442984724524
-0.392696348174 0.024024129483102924
-0.391695847924 0.023642420382628565
-0.390695347674 0.02330769587686517
-0.389694847424 0.022976925708084156
-0.388694347174 0.02274648829401244
-0.387693846923 0.022441551882982153
-0.386693346673 0.022238431452494333
-0.385692846423 0.021994031169007375
-0.384692346173 0.021700300320980585
-0.383691845923 0.021483126125755616
-0.382691345673 0.021285520897895427
-0.381690845423 0.021038729170254518
-0.380690345173 0.020850883597102843
-0.379689844922 0.020674404946711133
-0.378689344672 0.020469072250907917
-0.377688844422 0.020302847655585515
-0.376688344172 0.020130519420277597
-0.375687843922 0.019978284810120782
-0.374687343672 0.01985075796251299
-0.373686843422 0.019741808385387236
-0.372686343172 0.019590634382524157
-0.371685842921 0.019398702525565036
-0.370685342671 0.01926326201709839
-0.369684842421 0.019109215426169997
-0.368684342171 0.01899244023371539
-0.367683841921 0.018914852068931284
-0.366683341671 0.018868882175251074
-0.365682841421 0.01876879606411223
-0.364682341171 0.018693401298556928
-0.36368184092 0.018588411981699162
-0.36268134067 0.018471180731457038
-0.36168084042 0.0183521032808219
-0.36068034017 0.01827704154785673
-0.35967983992 0.018195139727054596
-0.35867933967 0.018120574311265535
-0.35767883942 0.018075004659982425
-0.35667833917 0.01795185093844208
-0.355677838919 0.01797644542184869
-0.354677338669 0.01789497809508725
-0.353676838419 0.017800428318104886
-0.352676338169 0.017732252535034212
-0.351675837919 0.017948626472631554
-0.350675337669 0.01784310381740794
-0.349674837419 0.017849625387277704
-0.348674337169 0.017027361367937276
-0.347673836918 0.016507659453545556
-0.346673336668 0.01619199505159252
-0.345672836418 0.015920927649817222
-0.344672336168 0.015619790073462626
-0.343671835918 0.015593290547077981
-0.342671335668 0.015480729409798612
-0.341670835418 0.015264475344488482
-0.340670335168 0.015168439843900958
-0.339669834917 0.015073499894983218
-0.338669334667 0.014989683934938184
-0.337668834417 0.014852140061975575
-0.336668334167 0.014744482797006825
-0.335667833917 0.014716680331059924
-0.334667333667 0.014666822646145045
-0.333666833417 0.014589107871035737
-0.332666333167 0.014518921157995376
-0.331665832916 0.014427425791750454
-0.330665332666 0.014371370212787114
-0.329664832416 0.014289704127365934
-0.328664332166 0.014287470753365374
-0.327663831916 0.01424725844525404
-0.326663331666 0.014199756819693614
-0.325662831416 0.014164242214365241
-0.324662331166 0.014127434803694133
-0.323661830915 0.014100304336728613
-0.322661330665 0.014132115169236353
-0.321660830415 0.01408079841309941
-0.320660330165 0.014105676530438123
-0.319659829915 0.01404615342601554
-0.318659329665 0.013921743144665377
-0.317658829415 0.01390909424099242
-0.316658329165 0.013846667518584698
-0.315657828914 0.013840769566977726
-0.314657328664 0.013824566681851513
-0.313656828414 0.013773311507810635
-0.312656328164 0.013777011597918972
-0.311655827914 0.013781701879329863
-0.310655327664 0.013871769486314443
-0.309654827414 0.01346341720368172
-0.308654327164 0.013379250419562044
-0.307653826913 0.013429437340701624
-0.306653326663 0.01347208713091056
-0.305652826413 0.013498395359123517
-0.304652326163 0.013506338352525685
-0.303651825913 0.013544397101565622
-0.302651325663 0.013489509518167854
-0.301650825413 0.01353374371002599
-0.300650325163 0.013520797027220274
-0.299649824912 0.013565714925182113
-0.298649324662 0.013656557000922614
-0.297648824412 0.013658387332428468
-0.296648324162 0.01389936468044396
-0.295647823912 0.01361530484560129
-0.294647323662 0.013505640852234805
-0.293646823412 0.013464246918609004
-0.292646323162 0.011329175053483572
-0.291645822911 0.01136154303223595
-0.290645322661 0.011327846757511124
-0.289644822411 0.01129110717413324
-0.288644322161 0.011270578941354723
-0.287643821911 0.011250450768112149
-0.286643321661 0.011146610080445691
-0.285642821411 0.011143704252613695
-0.284642321161 0.010982211032803352
-0.28364182091 0.010924126256611667
-0.28264132066 0.01085785440625113
-0.28164082041 0.010726893450133586
-0.28064032016 0.010666509720734655
-0.27963981991 0.010525520088506189
-0.27863931966 0.010400265277658676
-0.27763881941 0.010364607233905209
-0.27663831916 0.010244985099137845
-0.275637818909 0.010187362527778958
-0.274637318659 0.010045480048805889
-0.273636818409 0.010003882268309564
-0.272636318159 0.009918852444757955
-0.271635817909 0.009878769273576305
-0.270635317659 0.009862851833035782
-0.269634817409 0.009916796178907535
-0.268634317159 0.010006338776245426
-0.267633816908 0.010021540498774838
-0.266633316658 0.010027554100295941
-0.265632816408 0.01009377980824992
-0.264632316158 0.010182996802777781
-0.263631815908 0.010257532394635435
-0.262631315658 0.01034805555885066
-0.261630815408 0.0103445813011561
-0.260630315158 0.01037117045526026
-0.259629814907 0.010412995230958302
-0.258629314657 0.010487383671331903
-0.257628814407 0.01055605768940801
-0.256628314157 0.010588935909063365
-0.255627813907 0.01064936164452026
-0.254627313657 0.010734790646068703
-0.253626813407 0.010832633543143119
-0.252626313157 0.010921709367705508
-0.251625812906 0.01104721258825492
-0.250625312656 0.011099398464577746
-0.249624812406 0.011359640204300525
-0.248624312156 0.01153805971897856
-0.247623811906 0.0116097806501886
-0.246623311656 0.011795140998494975
-0.245622811406 0.012037281080907477
-0.244622311156 0.012379767128536211
-0.243621810905 0.013131214911106172
-0.242621310655 0.012785291892236705
-0.241620810405 0.01281232758795465
-0.240620310155 0.012594078550590313
-0.239619809905 0.012540251631439762
-0.238619309655 0.012632769754783953
-0.237618809405 0.012662295436246881
-0.236618309155 0.012771419973541562
-0.235617808904 0.013060442654256621
-0.234617308654 0.013425192119961847
-0.233616808404 0.013778130182166403
-0.232616308154 0.014871230346956161
-0.231615807904 0.014457979944996077
-0.230615307654 0.01441287059471758
-0.229614807404 0.014244141108261908
-0.228614307154 0.014786769058163438
-0.227613806903 0.014868216027923759
-0.226613306653 0.01505969368493714
-0.225612806403 0.01711966896524262
-0.224612306153 0.028518290728435924
-0.223611805903 0.020904519188946195
-0.222611305653 0.019240533497931405
-0.221610805403 0.019469668047832508
-0.220610305153 0.019933012470007706
-0.219609804902 0.020413416782931623
-0.218609304652 0.020577670714845085
-0.217608804402 0.020352360907930345
-0.216608304152 0.02001837377387092
-0.215607803902 0.020194924451153826
-0.214607303652 0.020245942188684782
-0.213606803402 0.020299890851195938
-0.212606303152 0.020440380437979452
-0.211605802901 0.02071362503525432
-0.210605302651 0.02087432326746998
-0.209604802401 0.020887993865290628
-0.208604302151 0.02115786462943641
-0.207603801901 0.021307215125067138
-0.206603301651 0.02146694145519514
-0.205602801401 0.021710850143088257
-0.204602301151 0.0220861577683312
-0.2036018009 0.022511417871899635
-0.20260130065 0.022941364789345102
-0.2016008004 0.023428979544839523
-0.20060030015 0.024278764736662958
-0.1995997999 0.025338510964504346
-0.19859929965 0.02855424945473592
-0.1975987994 0.02491080731685224
-0.19659829915 0.024205108833083726
-0.195597798899 0.02402693864433863
-0.194597298649 0.022995234127872195
-0.193596798399 0.023177071672559054
-0.192596298149 0.023151684600352464
-0.191595797899 0.022904161623746037
-0.190595297649 0.02277811120764783
-0.189594797399 0.02338643746126344
-0.188594297149 0.02330333876137373
-0.187593796898 0.02319500939945001
-0.186593296648 0.023160937852358104
-0.185592796398 0.023012806331018106
-0.184592296148 0.023333656585807137
-0.183591795898 0.023576585515067066
-0.182591295648 0.02336821570959046
-0.181590795398 0.023314107761550146
-0.180590295148 0.023823906732134074
-0.179589794897 0.023723131780009454
-0.178589294647 0.02328289266255999
-0.177588794397 0.023986036957465193
-0.176588294147 0.02287517361050523
-0.175587793897 0.022998470067942287
-0.174587293647 0.021677665399283095
-0.173586793397 0.021454378367422304
-0.172586293147 0.008394274476918113
-0.171585792896 0.008263859926945786
-0.170585292646 0.008221970844581242
-0.169584792396 0.008235181270097883
-0.168584292146 0.008265641858370304
-0.167583791896 0.00813844586709245
-0.166583291646 0.008010086305357723
-0.165582791396 0.00790289728492906
-0.164582291146 0.007787422862859273
-0.163581790895 0.007671217246843782
-0.162581290645 0.0076145985544832035
-0.161580790395 0.007616458354019884
-0.160580290145 0.007612634893715168
-0.159579789895 0.007621201684488815
-0.158579289645 0.007669132700370027
-0.157578789395 0.007710869377273858
-0.156578289145 0.007765494176164289
-0.155577788894 0.00759494147594055
-0.154577288644 0.007582617815682791
-0.153576788394 0.007602335678539454
-0.152576288144 0.007528197271191657
-0.151575787894 0.0074106637283559255
-0.150575287644 0.007356018846104814
-0.149574787394 0.0072758178589911356
-0.148574287144 0.007291419709439155
-0.147573786893 0.0072973392569138295
-0.146573286643 0.007338461882706354
-0.145572786393 0.007410290301583022
-0.144572286143 0.007423390094143952
-0.143571785893 0.007342643076686824
-0.142571285643 0.00728179402919638
-0.141570785393 0.007344754129947614
-0.140570285143 0.007437200062330451
-0.139569784892 0.007530233713885184
-0.138569284642 0.007459454854874825
-0.137568784392 0.007481293142392981
-0.136568284142 0.007464452932616142
-0.135567783892 0.007451797523088815
-0.134567283642 0.007675520604464812
-0.133566783392 0.007794136028785513
-0.132566283142 0.007876852755221618
-0.131565782891 0.007906290541122053
-0.130565282641 0.008260704825422086
-0.129564782391 0.008653918579162928
-0.128564282141 0.009006744654296997
-0.127563781891 0.011649583146820526
-0.126563281641 0.003101192865338022
-0.125562781391 0.0031183379113636964
-0.124562281141 0.0031723320060724845
-0.12356178089 0.003217258203847652
-0.12256128064 0.002990718284857534
-0.12156078039 0.002795058918135488
-0.12056028014 0.0027155982536211207
-0.11955977989 0.0027321752728090435
-0.11855927964 0.0027297911684729076
-0.11755877939 0.002718094403559997
-0.11655827914 0.0027136001197470574
-0.115557778889 0.002713638258187559
-0.114557278639 0.002711828326646032
-0.113556778389 0.002714757096770393
-0.112556278139 0.00272575660013909
-0.111555777889 0.002733748371680091
-0.110555277639 0.002743469363370676
-0.109554777389 0.0027625554464807203
-0.108554277139 0.002772176340003881
-0.107553776888 0.0027803026911280672
-0.106553276638 0.002792463646746986
-0.105552776388 0.002801640074831612
-0.104552276138 0.00282791603685501
-0.103551775888 0.002911486508165628
-0.102551275638 0.0028535530825266183
-0.101550775388 0.002861749216696634
-0.100550275138 0.0028171026604612965
-0.0995497748874 0.0027575703707631784
-0.0985492746373 0.002692921964488269
-0.0975487743872 0.0026583519467735964
-0.0965482741371 0.0026598082593875536
-0.0955477738869 0.0026624640231916515
-0.0945472736368 0.002675098338763579
-0.0935467733867 0.0026750394138014277
-0.0925462731366 0.0026658052250133845
-0.0915457728864 0.00266832750471408
-0.0905452726363 0.002679732550068305
-0.0895447723862 0.0026814893028158033
-0.0885442721361 0.0026771568947410044
-0.0875437718859 0.0026823635604446058
-0.0865432716358 0.0026959734757548036
-0.0855427713857 0.0026975353746824223
-0.0845422711356 0.002618090619237601
-0.0835417708854 0.002396957398367686
-0.0825412706353 0.00240668385913052
-0.0815407703852 0.002413308730593012
-0.0805402701351 0.002413532742359154
-0.0795397698849 0.0024278053876208927
-0.0785392696348 0.0024425821724560234
-0.0775387693847 0.0024554879345209187
-0.0765382691346 0.002467918567134642
-0.0755377688844 0.0024806571598776253
-0.0745372686343 0.002488300368253176
-0.0735367683842 0.002487654485644866
-0.0725362681341 0.0024953685405318996
-0.0715357678839 0.002508785123495774
-0.0705352676338 0.0025246211550461143
-0.0695347673837 0.0025397340335345255
-0.0685342671336 0.0025558826359033376
-0.0675337668834 0.002570738624491508
-0.0665332666333 0.0025814961160596462
-0.0655327663832 0.002591993986456761
-0.0645322661331 0.002595755858969667
-0.0635317658829 0.0026121294594224887
-0.0625312656328 0.0026305883926204597
-0.0615307653827 0.002650391739427115
-0.0605302651326 0.0026701734571601106
-0.0595297648824 0.0026912042142502113
-0.0585292646323 0.0027127033287830666
-0.0575287643822 0.0027329680140306747
-0.0565282641321 0.0027578175143937
-0.0555277638819 0.0027856477880912546
-0.0545272636318 0.0028081542895389043
-0.0535267633817 0.0028341695196763984
-0.0525262631316 0.002867841257120093
-0.0515257628814 0.0029040875408721275
-0.0505252626313 0.002944847058994537
-0.0495247623812 0.002986938058103484
-0.0485242621311 0.003049717240670255
-0.0475237618809 0.0031509734610291416
-0.0465232616308 0.0034109103123448753
-0.0455227613807 0.003202951116996991
-0.0445222611306 0.003205112871667473
-0.0435217608804 0.0032840969249455986
-0.0425212606303 0.0032608825355995926
-0.0415207603802 0.0032601221612057287
-0.0405202601301 0.003345258310712873
-0.0395197598799 0.0034339635754839014
-0.0385192596298 0.003421412606048815
-0.0375187593797 0.0033496278793640278
-0.0365182591296 0.003311325035272209
-0.0355177588794 0.003409047209364892
-0.0345172586293 0.00353488073400697
-0.0335167583792 0.00337204926335462
-0.0325162581291 0.003349470671351693
-0.0315157578789 0.0036186023598121985
-0.0305152576288 0.003328635901196225
-0.0295147573787 0.003919967018851135
-0.0285142571286 0.0003513613191684858
-0.0275137568784 0.0003559146443625296
-0.0265132566283 0.00036117071014793575
-0.0255127563782 0.0003670017274030936
-0.0245122561281 0.0003738057174704591
-0.0235117558779 0.00038114923255044093
-0.0225112556278 0.00038960358190784936
-0.0215107553777 0.000399474506481624
-0.0205102551276 0.0004110091233501907
-0.0195097548774 0.00042505041431225795
-0.0185092546273 0.00044190834599577833
-0.0175087543772 0.0004586787912283992
-0.0165082541271 0.000480250133672291
-0.0155077538769 0.0005183070192202771
-0.0145072536268 0.0005334609292144914
-0.0135067533767 0.0005853577252432968
-0.0125062531266 0.0006835418046887488
-0.0115057528764 0.0007241130092583443
-0.0105052526263 0.0006599490528167607
-0.00950475237619 0.0005754993109121879
-0.00850425212606 0.0005243807288563265
-0.00750375187594 0.0005102701398856289
-0.00650325162581 0.0004943592530047916
-0.00550275137569 0.0004732157377350453
-0.00450225112556 0.0004609123438455901
-0.00350175087544 0.00046113431028672923
-0.00250125062531 0.00044789778060642287
-0.00150075037519 0.00043607158512656396
-0.000500250125063 0.0004241232825673185
0.000500250125063 0.0010648679907911793
0.00150075037519 0.0020952415918952284
0.00250125062531 0.0031739724761033587
0.00350175087544 0.0041767740665138685
0.00450225112556 0.002623105420374138
0.00550275137569 0.0027669183471817327
0.00650325162581 0.0029107312739893327
0.00750375187594 0.003054544200796932
0.00850425212606 0.0032815915877362403
0.00950475237619 0.0035372126969792864
0.0105052526263 0.0037449837670360695
0.0115057528764 0.0032478954183501616
0.0125062531266 0.0031088095084519035
0.0135067533767 0.003001558975488699
0.0145072536268 0.003121842882446253
0.0155077538769 0.0032421267894037803
0.0165082541271 0.003362410696361314
0.0175087543772 0.0034826946033188412
0.0185092546273 0.003617834918098004
0.0195097548774 0.0037743016884485584
0.0205102551276 0.0035577858483606508
0.0215107553777 0.0035937388016381
0.0225112556278 0.0034991935296217196
0.0235117558779 0.0034046482576053343
0.0245122561281 0.0033644328620336633
0.0255127563782 0.0033442082362427484
0.0265132566283 0.0034613814892932924
0.0275137568784 0.0035785547423438317
0.0285142571286 0.003695727995394376
0.0295147573787 0.0038129012484449196
0.0305152576288 0.003930098117076911
0.0315157578789 0.004051280930821277
0.0325162581291 0.0037369750207710195
0.0335167583792 0.0037537195550124535
0.0345172586293 0.0037212330083640248
0.0355177588794 0.0036963569415153627
0.0365182591296 0.003671480874666704
0.0375187593797 0.003646604807818036
0.0385192596298 0.0036958817458721902
0.0395197598799 0.0037973833380047094
0.0405202601301 0.003915542304792406
0.0415207603802 0.004034056928964451
0.0425212606303 0.0041525715531364905
0.0435217608804 0.00424462346683937
0.0445222611306 0.003947074709155037
0.0455227613807 0.003972964389738388
0.0465232616308 0.0039426288975983525
0.0475237618809 0.0039125209147961165
0.0485242621311 0.0038851104248044596
0.0495247623812 0.0038598504745655333
0.0505252626313 0.003899952155073461
0.0515257628814 0.004000885868408805
0.0525262631316 0.0041037212468513894
0.0535267633817 0.004206556625293972
0.0545272636318 0.004309392003736559
0.0555277638819 0.004231566815251039
0.0565282641321 0.003998912491469679
0.0575287643822 0.004038616305758593
0.0585292646323 0.004017465095458618
0.0595297648824 0.003997905865425706
0.0605302651326 0.003992801187690242
0.0615307653827 0.003994470727394402
0.0625312656328 0.00400410201484942
0.0635317658829 0.004067835009523905
0.0645322661331 0.004131568004198382
0.0655327663832 0.004183936795443528
0.0665332666333 0.004211930843171494
0.0675337668834 0.004044922357541116
0.0685342671336 0.0039650491012747265
0.0695347673837 0.0038878991741749178
0.0705352676338 0.003882077435164071
0.0715357678839 0.0039017147179736004
0.0725362681341 0.003893085880335923
0.0735367683842 0.003884165774336186
0.0745372686343 0.0038752115138417226
0.0755377688844 0.0038347970706758476
0.0765382691346 0.003873275873348312
0.0775387693847 0.003885206591052699
0.0785392696348 0.003870707483068706
0.0795397698849 0.003774973137235584
0.0805402701351 0.0036949819204271507
0.0815407703852 0.0036808548110349288
0.0825412706353 0.003637203404015879
0.0835417708854 0.0035935520221644667
0.0845422711356 0.0035529600214373337
0.0855427713857 0.003535421292976835
0.0865432716358 0.0035557007865224142
0.0875437718859 0.0035592060886365335
0.0885442721361 0.0035476419577053866
0.0895447723862 0.0035354696420847624
0.0905452726363 0.003527710741254702
0.0915457728864 0.003533351955402665
0.0925462731366 0.003507343111367992
0.0935467733867 0.003462951744992954
0.0945472736368 0.003426610585054265
0.0955477738869 0.0034070617041469767
0.0965482741371 0.003389720188067496
0.0975487743872 0.0033709169337246933
0.0985492746373 0.0033555199690967564
0.0995497748874 0.0033523728191693814
0.100550275138 0.0033464836099602563
0.101550775388 0.003346553037013342
0.102551275638 0.0033430765587729346
0.103551775888 0.0033400254265621974
0.104552276138 0.003336783101424953
0.105552776388 0.003333518621338828
0.106553276638 0.0037158298503641935
0.107553776888 0.003697974306165363
0.108554277139 0.0037087811837474213
0.109554777389 0.003649195361665314
0.110555277639 0.00360427309803443
0.111555777889 0.0035871594765425896
0.112556278139 0.0035710705039554338
0.113556778389 0.0035700789058587326
0.114557278639 0.0035542229857896688
0.115557778889 0.003535888372008896
0.11655827914 0.0035354296148727036
0.11755877939 0.0035138235636644113
0.11855927964 0.0035044671400692525
0.11955977989 0.0034921992193366943
0.12056028014 0.003482555099770546
0.12156078039 0.0034793645068267854
0.12256128064 0.0034730663501725016
0.12356178089 0.0034632328846895388
0.124562281141 0.0035259144225478906
0.125562781391 0.0035175452263655504
0.126563281641 0.0035029053839445512
0.127563781891 0.0034686547239221183
0.128564282141 0.003442402655013446
0.129564782391 0.003423656700089651
0.130565282641 0.003412488904264226
0.131565782891 0.0033938274601589343
0.132566283142 0.0033796546304378275
0.133566783392 0.0033598646868949304
0.134567283642 0.003346368225222027
0.135567783892 0.0033364501819308024
0.136568284142 0.00332873464093623
0.137568784392 0.003452915629778441
0.138569284642 0.004015038971600447
0.139569784892 0.004021050054830479
0.140570285143 0.0039464852332109935
0.141570785393 0.003971172639566998
0.142571285643 0.004036016682524648
0.143571785893 0.004062325081970714
0.144572286143 0.004020321204793171
0.145572786393 0.003982388861538604
0.146573286643 0.003990557202413025
0.147573786893 0.0040006919217725175
0.148574287144 0.004008710204728014
0.149574787394 0.0040239678792146055
0.150575287644 0.004051574790931801
0.151575787894 0.004064265421683666
0.152576288144 0.004119424195229375
0.153576788394 0.004106951572438876
0.154577288644 0.004092346907692706
0.155577788894 0.004150023544568467
0.156578289145 0.004192002088968604
0.157578789395 0.004208300157870896
0.158579289645 0.004207206067924565
0.159579789895 0.004264700972692272
0.160580290145 0.004298947356001857
0.161580790395 0.004388755972364221
0.162581290645 0.0044031301845295625
0.163581790895 0.004328770480696649
0.164582291146 0.004277691021427268
0.165582791396 0.004350475204107241
0.166583291646 0.004352594314285585
0.167583791896 0.004362445653775854
0.168584292146 0.004420507795500916
0.169584792396 0.004529319921051939
0.170585292646 0.004512290326991185
0.171585792896 0.0044633012196777415
0.172586293147 0.004694390198244815
0.173586793397 0.004700022231861182
0.174587293647 0.005085145484759784
0.175587793897 0.005565321466321565
0.176588294147 0.005135033783698842
0.177588794397 0.0047977336911474685
0.178589294647 0.004614530149417301
0.179589794897 0.004475088902645552
0.180590295148 0.004351393313083856
0.181590795398 0.004278188077033318
0.182591295648 0.004207517232307408
0.183591795898 0.004140175296281408
0.184592296148 0.004089027805289537
0.185592796398 0.004040130726863779
0.186593296648 0.003995716343546202
0.187593796898 0.003958984508128248
0.188594297149 0.003930630943958819
0.189594797399 0.0039017305099266976
0.190595297649 0.003868870399422397
0.191595797899 0.0038384674627834057
0.192596298149 0.0038122157239321654
0.193596798399 0.0037890787745959754
0.194597298649 0.0038656135373031464
0.195597798899 0.007727466288613123
0.19659829915 0.009237886802837094
0.1975987994 0.007763476032075223
0.19859929965 0.0069470361816065815
0.1995997999 0.006808469322670207
0.20060030015 0.006811492619403833
0.2016008004 0.0067741341219073326
0.20260130065 0.006485783306402486
0.2036018009 0.006386942694123504
0.204602301151 0.0063473942418873636
0.205602801401 0.006331245158418533
0.206603301651 0.006320138710543055
0.207603801901 0.006323417202381644
0.208604302151 0.006314469454306543
0.209604802401 0.006242885448060036
0.210605302651 0.006187416555962372
0.211605802901 0.00617061144483414
0.212606303152 0.006165768822874023
0.213606803402 0.006164318989688959
0.214607303652 0.006173138313713386
0.215607803902 0.006158555063406296
0.216608304152 0.006198726796580667
0.217608804402 0.006252402210197868
0.218609304652 0.006289927660744426
0.219609804902 0.006311365947994021
0.220610305153 0.0063179966338758374
0.221610805403 0.0063715137754221315
0.222611305653 0.006337604598475944
0.223611805903 0.006302509636643802
0.224612306153 0.006271805058262433
0.225612806403 0.006247562504638484
0.226613306653 0.006245029502281684
0.227613806903 0.006246849054681747
0.228614307154 0.006261112979921052
0.229614807404 0.006273719751804824
0.230615307654 0.006283863073861407
0.231615807904 0.006273075760652619
0.232616308154 0.0062412896827459445
0.233616808404 0.00620529982373873
0.234617308654 0.0061788589644542185
0.235617808904 0.006171970492109486
0.236618309155 0.006164398847323548
0.237618809405 0.006130194261415881
0.238619309655 0.006108093250731671
0.239619809905 0.006096131233283307
0.240620310155 0.006103683931948285
0.241620810405 0.006104401015913261
0.242621310655 0.006108582943757632
0.243621810905 0.006113586246449718
0.244622311156 0.00611463599258244
0.245622811406 0.0061192741701616635
0.246623311656 0.0061220756377758185
0.247623811906 0.00612383539253187
0.248624312156 0.0061281511933863764
0.249624812406 0.006109759902789668
0.250625312656 0.006102596395648837
0.251625812906 0.006074602479074651
0.252626313157 0.006062613349839905
0.253626813407 0.006053228570395599
0.254627313657 0.0060452018799768605
0.255627813907 0.006035537334905893
0.256628314157 0.006036300832519164
0.257628814407 0.006037804628538984
0.258629314657 0.006041068332985132
0.259629814907 0.00604340960039302
0.260630315158 0.006034032856068348
0.261630815408 0.006027895446291501
0.262631315658 0.006030807999281011
0.263631815908 0.00603762689070612
0.264632316158 0.0060446927066869
0.265632816408 0.006087595698146986
0.266633316658 0.006127376640764507
0.267633816908 0.006166408907223488
0.268634317159 0.0062096041202175855
0.269634817409 0.00625488345293822
0.270635317659 0.006240737547770232
0.271635817909 0.006243944571552506
0.272636318159 0.006266640324970374
0.273636818409 0.006290743040446045
0.274637318659 0.006433688728561265
0.275637818909 0.00639365313451172
0.27663831916 0.0064298735986139275
0.27763881941 0.006390243520125719
0.27863931966 0.006414604711222575
0.27963981991 0.00644018403003832
0.28064032016 0.0064818126304628685
0.28164082041 0.006508052977902495
0.28264132066 0.0065291184279602146
0.28364182091 0.006542472873391452
0.284642321161 0.006546008714854624
0.285642821411 0.006553102126262726
0.286643321661 0.0065674475264114575
0.287643821911 0.006570695405454135
0.288644322161 0.006578354835677808
0.289644822411 0.006603352856777862
0.290645322661 0.006625107004637271
0.291645822911 0.006637488093953801
0.292646323162 0.006661493343349514
0.293646823412 0.006741056914373549
0.294647323662 0.006822255407583153
0.295647823912 0.006908821090428244
0.296648324162 0.006993692673179252
0.297648824412 0.007047630747011311
0.298649324662 0.007025900354589438
0.299649824912 0.007038366178011644
0.300650325163 0.007031458028198245
0.301650825413 0.007125517426636115
0.302651325663 0.007310762566194149
0.303651825913 0.008009215620656747
0.304652326163 0.007353947176642755
0.305652826413 0.0073964647745547426
0.306653326663 0.00744260494122144
0.307653826913 0.007495063733374171
0.308654327164 0.0075482549271193786
0.309654827414 0.0075882868532884794
0.310655327664 0.007630167340522852
0.311655827914 0.007681886021479985
0.312656328164 0.007777629215597447
0.313656828414 0.007740206286217316
0.314657328664 0.007765715330690184
0.315657828914 0.007797083183569697
0.316658329165 0.007846893614061054
0.317658829415 0.007898794349645336
0.318659329665 0.007939289996646158
0.319659829915 0.008039040465867352
0.320660330165 0.008095061396968426
0.321660830415 0.008095917642957026
0.322661330665 0.00810085891324575
0.323661830915 0.008116903586372938
0.324662331166 0.008248396530457978
0.325662831416 0.008392227610088728
0.326663331666 0.008337291663902943
0.327663831916 0.00838968812951161
0.328664332166 0.008572403940057566
0.329664832416 0.008630060656763673
0.330665332666 0.008557079025051722
0.331665832916 0.008529226044725169
0.332666333167 0.008544167964868786
0.333666833417 0.008529721507545093
0.334667333667 0.008514641006952352
0.335667833917 0.008502173571375464
0.336668334167 0.008534785209169433
0.337668834417 0.008569735582179576
0.338669334667 0.00867589571148753
0.339669834917 0.0087766621964366
0.340670335168 0.008878297400400362
0.341670835418 0.009194217013540782
0.342671335668 0.009023151113209343
0.343671835918 0.008927273586486775
0.344672336168 0.008867600482572294
0.345672836418 0.00881476410846601
0.346673336668 0.008772723457257577
0.347673836918 0.008791822333949208
0.348674337169 0.008866452179956642
0.349674837419 0.008941319030787058
0.350675337669 0.009063476157505084
0.351675837919 0.009147518226079395
0.352676338169 0.008999553734162105
0.353676838419 0.00902422236707464
0.354677338669 0.009087143355349592
0.355677838919 0.009167597639603087
0.35667833917 0.00935334757547298
0.35767883942 0.009175363829556676
0.35867933967 0.009157228327049294
0.35967983992 0.009155183486205486
0.36068034017 0.00921700321749263
0.36168084042 0.009214661580426694
0.36268134067 0.00923159470444452
0.36368184092 0.00929853444186946
0.364682341171 0.009352703511970142
0.365682841421 0.009408180733819698
0.366683341671 0.009328517636842795
0.367683841921 0.00934692159481177
0.368684342171 0.009358508239861806
0.369684842421 0.009369804759490513
0.370685342671 0.009388855993054437
0.371685842921 0.00943007976804819
0.372686343172 0.009455144063208144
0.373686843422 0.009492501584928438
0.374687343672 0.009504201425560278
0.375687843922 0.00950654232507898
0.376688344172 0.009516694125899562
0.377688844422 0.009530915719629985
0.378689344672 0.00954341176581357
0.379689844922 0.00956916463082258
0.380690345173 0.009642573038329293
0.381690845423 0.009716146079348257
0.382691345673 0.00979092274983115
0.383691845923 0.009880329921636899
0.384692346173 0.00996007368687518
0.385692846423 0.010127452297046721
0.386693346673 0.010331173009725506
0.387693846923 0.010575118787524119
0.388694347174 0.011289350281038462
0.389694847424 0.010870551937248134
0.390695347674 0.010831696117470185
0.391695847924 0.010982728906012556
0.392696348174 0.01114209149531192
0.393696848424 0.011089911095569598
0.394697348674 0.011130549998339711
0.395697848924 0.011166122873994476
0.396698349175 0.011243933382717817
0.397698849425 0.011247008974370282
0.398699349675 0.011195394712089158
0.399699849925 0.011162104941054138
0.400700350175 0.01117680704876826
0.401700850425 0.01120000243512609
0.402701350675 0.011232726186984017
0.403701850925 0.011281567191369996
0.404702351176 0.011300217347822265
0.405702851426 0.011258772482051317
0.406703351676 0.011308160004555637
0.407703851926 0.011400653154816783
0.408704352176 0.011341676535703194
0.409704852426 0.011348961515777913
0.410705352676 0.011374301980210196
0.411705852926 0.011401740220649536
0.412706353177 0.011444519651969586
0.413706853427 0.01144343142797145
0.414707353677 0.011473731134790659
0.415707853927 0.011532098740191116
0.416708354177 0.011552739381585473
0.417708854427 0.011582510405537537
0.418709354677 0.011597468299678436
0.419709854927 0.011630299590719286
0.420710355178 0.011673663130347674
0.421710855428 0.011879609571079941
0.422711355678 0.011887231748161307
0.423711855928 0.011893980856855585
0.424712356178 0.012028250834106465
0.425712856428 0.012153252257510884
0.426713356678 0.01200050507576066
0.427713856928 0.011994594678648692
0.428714357179 0.011992103644912893
0.429714857429 0.012008868617191354
0.430715357679 0.012019364148027721
0.431715857929 0.01205144244918299
0.432716358179 0.012116628843241578
0.433716858429 0.012183210694459845
0.434717358679 0.01225673241569099
0.435717858929 0.012348894064723781
0.43671835918 0.012457088982174383
0.43771885943 0.012427223441153991
0.43871935968 0.012441288958045027
0.43971985993 0.012519197669757079
0.44072036018 0.012548472861673113
0.44172086043 0.012737577034940377
0.44272136068 0.013193948489434195
0.44372186093 0.013624109516547227
0.444722361181 0.0140694490627195
0.445722861431 0.014836965044721455
0.446723361681 0.015522650293316967
0.447723861931 0.014665115974213636
0.448724362181 0.014530189184031057
0.449724862431 0.014598183757333807
0.450725362681 0.014701970582837847
0.451725862931 0.014796695905456899
0.452726363182 0.014906435026575418
0.453726863432 0.015057766957382498
0.454727363682 0.015442695876548422
0.455727863932 0.015330808637674399
0.456728364182 0.015364796884484878
0.457728864432 0.015731671892382372
0.458729364682 0.01602423117419706
0.459729864932 0.016305934234102624
0.460730365183 0.017419734739040196
0.461730865433 0.017332627164567533
0.462731365683 0.016680600437636927
0.463731865933 0.016486251461175938
0.464732366183 0.016341763192305563
0.465732866433 0.01625223492594759
0.466733366683 0.016182195794718485
0.467733866933 0.016116140835214968
0.468734367184 0.016083131748236407
0.469734867434 0.016068202292663616
0.470735367684 0.016061222923216864
0.471735867934 0.016051961209229547
0.472736368184 0.01608180340922356
0.473736868434 0.016123319446079046
0.474737368684 0.01614731011654375
0.475737868934 0.01617158257907303
0.476738369185 0.01619450387987714
0.477738869435 0.016228402593890325
0.478739369685 0.016276124087121695
0.479739869935 0.01635652839460714
0.480740370185 0.016439084708986865
0.481740870435 0.016511449572780054
0.482741370685 0.016535274742545576
0.483741870935 0.016534280314745145
0.484742371186 0.016505503353631455
0.485742871436 0.016506521506710815
0.486743371686 0.01654379503230399
0.487743871936 0.016592384921958223
0.488744372186 0.01665873396346224
0.489744872436 0.01674673164625019
0.490745372686 0.016901981729762584
0.491745872936 0.017250884185645108
0.492746373187 0.018462294548712295
0.493746873437 0.019264898351867173
0.494747373687 0.019829171593824826
0.495747873937 0.020369558077160912
0.496748374187 0.021069638404117165
0.497748874437 0.021374931627095695
0.498749374687 0.021369481400283215
0.499749874937 0.021480871944384427
0.500750375188 0.021765378880323386
0.501750875438 0.022038189582507264
0.502751375688 0.02229564177864433
0.503751875938 0.022649368438058197
0.504752376188 0.023019888147193787
0.505752876438 0.023386322454463915
0.506753376688 0.023850040244583
0.507753876938 0.02410162984019158
0.508754377189 0.024211259037234416
0.509754877439 0.02430457598085623
0.510755377689 0.024228114270050484
0.511755877939 0.02420190862334368
0.512756378189 0.02414048496440971
0.513756878439 0.024161636743222116
0.514757378689 0.02424011752305244
0.515757878939 0.024294947364909888
0.51675837919 0.024296424823603533
0.51775887944 0.024389461995573434
0.51875937969 0.024704486915907004
0.51975987994 0.025030434556053124
0.52076038019 0.025571369500416025
0.52176088044 0.02680309786105617
0.52276138069 0.026285930792885413
0.52376188094 0.02589463625130179
0.524762381191 0.025403288893538163
0.525762881441 0.02489641744018861
0.526763381691 0.02462993093554161
0.527763881941 0.02444193133510232
0.528764382191 0.024414533145648374
0.529764882441 0.0243906782550249
0.530765382691 0.02443555801935735
0.531765882941 0.02444829656346887
0.532766383192 0.024475587875959468
0.533766883442 0.024466947621121504
0.534767383692 0.02445299721621615
0.535767883942 0.02447686161088977
0.536768384192 0.024511170601629457
0.537768884442 0.024566406571426405
0.538769384692 0.02465911003100125
0.539769884942 0.024777688838042405
0.540770385193 0.024878467336327082
0.541770885443 0.024882245846131006
0.542771385693 0.0252833714180193
0.543771885943 0.02514936728073883
0.544772386193 0.024901999549005432
0.545772886443 0.024907101576490908
0.546773386693 0.02489096158535084
0.547773886943 0.024882563710309447
0.548774387194 0.025012271051442107
0.549774887444 0.024961958138072574
0.550775387694 0.024898731354387277
0.551775887944 0.02489016119911483
0.552776388194 0.02538086745690207
0.553776888444 0.025992505391411614
0.554777388694 0.026619053105235647
0.555777888944 0.02832599535012411
0.556778389195 0.027100387890481033
0.557778889445 0.02772532195563117
0.558779389695 0.02777899186001373
0.559779889945 0.028652347020962945
0.560780390195 0.028072862101749835
0.561780890445 0.028159838559532885
0.562781390695 0.028379698068596637
0.563781890945 0.028674764451787675
0.564782391196 0.02907397253171364
0.565782891446 0.030309233373200267
0.566783391696 0.031685122951494234
0.567783891946 0.03398709922198812
0.568784392196 0.03438940450860656
0.569784892446 0.03448759477405866
0.570785392696 0.034375178470552374
0.571785892946 0.033793326100971834
0.572786393197 0.03247926823958507
0.573786893447 0.03230419142152739
0.574787393697 0.0322453592260547
0.575787893947 0.03244219957397704
0.576788394197 0.03268060259066788
0.577788894447 0.03303245766233377
0.578789394697 0.03341803583955192
0.579789894947 0.03326145073660946
0.580790395198 0.033326433563080834
0.581790895448 0.0339961236756093
0.582791395698 0.03382723022258185
0.583791895948 0.034346864574163895
0.584792396198 0.03495142922522919
0.585792896448 0.034726645674575805
0.586793396698 0.03498268145033342
0.587793896948 0.035174435880630524
0.588794397199 0.035194352498885924
0.589794897449 0.03559132078420426
0.590795397699 0.03634216342993857
0.591795897949 0.03639610740899257
0.592796398199 0.03678060051965048
0.593796898449 0.03768058015369167
0.594797398699 0.03772773452671652
0.595797898949 0.038115389636853694
0.5967983992 0.038753420889430935
0.59779889945 0.03889474905977315
0.5987993997 0.03957394353218273
0.59979989995 0.04017198066327861
0.6008004002 0.0402139018466275
0.60180090045 0.04601517842417099
0.6028014007 0.05207171026148652
0.60380190095 0.057167598587714245
0.604802401201 0.06254312626913035
0.605802901451 0.06623833118874511
0.606803401701 0.0737326064252146
0.607803901951 0.07151221425396996
0.608804402201 0.06667602350280927
0.609804902451 0.061718556328126034
0.610805402701 0.06052460487512594
0.611805902951 0.05904376457350286
0.612806403202 0.057670775468605565
0.613806903452 0.057865585888407255
0.614807403702 0.05763544520986202
0.615807903952 0.05733915933039907
0.616808404202 0.057243080060819004
0.617808904452 0.05674141657737624
0.618809404702 0.05620733491478698
0.619809904952 0.05669824747955356
0.620810405203 0.058132961102411694
0.621810905453 0.0573866117338002
0.622811405703 0.05640126392739084
0.623811905953 0.055377963028825715
0.624812406203 0.05445555936063282
0.625812906453 0.0534390052814111
0.626813406703 0.05298422568008722
0.627813906953 0.053367941716709805
0.628814407204 0.05310299912542423
0.629814907454 0.053020749200145656
0.630815407704 0.05336713879392063
0.631815907954 0.05764459293195628
0.632816408204 0.05436721327795225
0.633816908454 0.054495189102601316
0.634817408704 0.05259848759620799
0.635817908954 0.05212330944940744
0.636818409205 0.05176287828079549
0.637818909455 0.0513387161180768
0.638819409705 0.05085618783289469
0.639819909955 0.050420789275622525
0.640820410205 0.0502987621019446
0.641820910455 0.05003972581056056
0.642821410705 0.049887048038512426
0.643821910955 0.04978742794574002
0.644822411206 0.04963086056245979
0.645822911456 0.049572507406544015
0.646823411706 0.04954213053899958
0.647823911956 0.050682582617642406
0.648824412206 0.05540944418995989
0.649824912456 0.057868849312887966
0.650825412706 0.05997681467809119
0.651825912956 0.061962718067324785
0.652826413207 0.06367523208590034
0.653826913457 0.0641651121635964
0.654827413707 0.06252270286509487
0.655827913957 0.06214287987904834
0.656828414207 0.06177222947684329
0.657828914457 0.061655316346452174
0.658829414707 0.061652989191333926
0.659829914957 0.06211840174990579
0.660830415208 0.06270562995878749
0.661830915458 0.0632868222665803
0.662831415708 0.06469816174891611
0.663831915958 0.06501854966725235
0.664832416208 0.06411758810578018
0.665832916458 0.06416920248939319
0.666833416708 0.06430799788923425
0.667833916958 0.06460259718054909
0.668834417209 0.06494340680259598
0.669834917459 0.06468959628379077
0.670835417709 0.0641919253112805
0.671835917959 0.06439352439024996
0.672836418209 0.06494749785724277
0.673836918459 0.06568881154255024
0.674837418709 0.06568743220891896
0.675837918959 0.06557299258852829
0.67683841921 0.0660605118720815
0.67783891946 0.06676094712274055
0.67883941971 0.06757988063151238
0.67983991996 0.0692653378360722
0.68084042021 0.0702338540512673
0.68184092046 0.0732921732025271
0.68284142071 0.0760386066575528
0.68384192096 0.07882910100760121
0.684842421211 0.08148415341703838
0.685842921461 0.08787131294196687
0.686843421711 0.0880846240622286
0.687843921961 0.08424367581865132
0.688844422211 0.07967031489549631
0.689844922461 0.07681881571217157
0.690845422711 0.07569064789565172
0.691845922961 0.07446691490858379
0.692846423212 0.0755914366852346
0.693846923462 0.07524783273419802
0.694847423712 0.07507864481396473
0.695847923962 0.07454223297393171
0.696848424212 0.07395726029175788
0.697848924462 0.07371405528253423
0.698849424712 0.07341083077248182
0.699849924962 0.081950796294367
0.700850425213 0.07842485837998592
0.701850925463 0.07660523714779872
0.702851425713 0.07645956439193567
0.703851925963 0.0760305499783688
0.704852426213 0.07538159911982088
0.705852926463 0.07507912084947557
0.706853426713 0.0753050937050835
0.707853926963 0.07578917825012928
0.708854427214 0.07700690926922642
0.709854927464 0.07700337573569148
0.710855427714 0.07678244400135274
0.711855927964 0.07734690326549262
0.712856428214 0.07796947641424344
0.713856928464 0.07853268171777411
0.714857428714 0.0780065257598091
0.715857928964 0.07833357274602254
0.716858429215 0.07748059751909926
0.717858929465 0.07743174273168624
0.718859429715 0.0773064526569045
0.719859929965 0.07712163119248001
0.720860430215 0.0766187247113781
0.721860930465 0.07675167717279358
0.722861430715 0.07627668283234225
0.723861930965 0.0760736291550872
0.724862431216 0.07586120836075219
0.725862931466 0.07615631811615328
0.726863431716 0.07633228280533771
0.727863931966 0.07656010923248986
0.728864432216 0.07689446090795882
0.729864932466 0.0771543994277713
0.730865432716 0.07766217108739354
0.731865932966 0.07756335438369909
0.732866433217 0.07826603647525192
0.733866933467 0.07847235940562335
0.734867433717 0.07981187666073136
0.735867933967 0.0795107144339863
0.736868434217 0.0797901593252269
0.737868934467 0.08022297833539543
0.738869434717 0.08017082035843272
0.739869934967 0.08025974125268226
0.740870435218 0.08106460726892525
0.741870935468 0.08097124848986735
0.742871435718 0.08102885737334688
0.743871935968 0.08297812419325105
0.744872436218 0.0833493308856611
0.745872936468 0.08227187454994109
0.746873436718 0.08591417472712634
0.747873936968 0.08840812931687131
0.748874437219 0.08926631839460777
0.749874937469 0.08808514997250129
0.750875437719 0.08886480803175575
0.751875937969 0.08921113288124585
0.752876438219 0.08920702724591019
0.753876938469 0.09096315121001028
0.754877438719 0.09123022560956262
0.755877938969 0.08965686059384827
0.75687843922 0.08860020341666881
0.75787893947 0.08812118576816774
0.75887943972 0.08774528051652622
0.75987993997 0.0876394010808902
0.76088044022 0.08771836826685399
0.76188094047 0.08827566383100621
0.76288144072 0.08954923631092787
0.76388194097 0.09336442507783424
0.764882441221 0.09072877634283213
0.765882941471 0.0886403931788993
0.766883441721 0.08792576765767941
0.767883941971 0.08792573776582945
0.768884442221 0.08979613684303012
0.769884942471 0.08736969194250571
0.770885442721 0.09279976557402536
0.771885942971 0.09068474564250638
0.772886443222 0.09067641851971185
0.773886943472 0.09129976717594064
0.774887443722 0.0893318596143186
0.775887943972 0.08893109746729873
0.776888444222 0.08892113877754054
0.777888944472 0.08532233158096424
0.778889444722 0.08391142215005555
0.779889944972 0.08343493629777898
0.780890445223 0.08259056918700472
0.781890945473 0.08223978503168948
0.782891445723 0.08167229907539898
0.783891945973 0.08155322538132882
0.784892446223 0.08151058923245937
0.785892946473 0.08085408395882938
0.786893446723 0.08016758229953679
0.787893946973 0.08000717117777811
0.788894447224 0.07994302748359369
0.789894947474 0.07982035962422744
0.790895447724 0.07978692857687941
0.791895947974 0.07990524750688845
0.792896448224 0.08016310987446695
0.793896948474 0.08036834676990912
0.794897448724 0.08063319163991221
0.795897948974 0.08109058597162529
0.796898449225 0.08132710543205485
0.797898949475 0.08248852007532267
0.798899449725 0.08509504362773285
0.799899949975 0.0837886701960263
0.800900450225 0.08386135943839157
0.801900950475 0.08380991252093928
0.802901450725 0.08327687129843926
0.803901950975 0.08378503423275264
0.804902451226 0.08435961617506402
0.805902951476 0.08504609560940823
0.806903451726 0.08579090219622479
0.807903951976 0.08581988345860428
0.808904452226 0.08675391798448685
0.809904952476 0.08793830124132972
0.810905452726 0.09838755450223549
0.811905952976 0.09532461466867659
0.812906453227 0.09446086215858523
0.813906953477 0.09168713382910999
0.814907453727 0.08992543485111984
0.815907953977 0.0886306050913807
0.816908454227 0.0884386599350949
0.817908954477 0.08649784403682349
0.818909454727 0.08660380556778845
0.819909954977 0.08705669376686655
0.820910455228 0.08739941328680065
0.821910955478 0.08722451695256679
0.822911455728 0.08792466071555945
0.823911955978 0.08839688197789548
0.824912456228 0.09017731239123673
0.825912956478 0.08724068935827078
0.826913456728 0.08695377804908437
0.827913956978 0.08655501547819906
0.828914457229 0.08656035892379027
0.829914957479 0.08685631367722439
0.830915457729 0.08695437073103934
0.831915957979 0.08608485980480982
0.832916458229 0.08474763933108981
0.833916958479 0.08506270921836542
0.834917458729 0.08486237401595925
0.835917958979 0.08521815164094916
0.83691845923 0.08695451755849931
0.83791895948 0.08312238708840274
0.83891945973 0.08122935371461512
0.83991995998 0.08075044435336916
0.84092046023 0.08080461723228104
0.84192096048 0.08091635476457193
0.84292146073 0.08125061540180527
0.84392196098 0.08175234507427644
0.844922461231 0.08233625821724619
0.845922961481 0.08251227999778019
0.846923461731 0.08275753781184896
0.847923961981 0.08302374381809238
0.848924462231 0.08322426696834974
0.849924962481 0.08352258781925971
0.850925462731 0.08417258035144275
0.851925962981 0.08471131347266644
0.852926463232 0.08556474438066486
0.853926963482 0.08597386002306273
0.854927463732 0.08668117227137173
0.855927963982 0.08747330493748412
0.856928464232 0.08861323250392257
0.857928964482 0.0894797029906396
0.858929464732 0.09034712294993902
0.859929964982 0.09183581137919038
0.860930465233 0.0939786766106144
0.861930965483 0.09573219010493834
0.862931465733 0.09934264625222591
0.863931965983 0.09487924910618187
0.864932466233 0.09642804043856101
0.865932966483 0.09749282179986697
0.866933466733 0.09958400562034597
0.867933966983 0.10011088497881475
0.868934467234 0.0992001898006164
0.869934967484 0.10144878194112755
0.870935467734 0.10409865429653446
0.871935967984 0.1073631069980307
0.872936468234 0.11461917323335447
0.873936968484 0.12231320163503699
0.874937468734 0.13562913229926624
0.875937968984 0.13192152759720296
0.876938469235 0.10070883964232104
0.877938969485 0.09427069659036065
0.878939469735 0.09119025406525229
0.879939969985 0.0893930195546196
0.880940470235 0.08837975852487631
0.881940970485 0.08758184399175215
0.882941470735 0.08674607352654397
0.883941970985 0.08632480345155985
0.884942471236 0.08602057835838493
0.885942971486 0.0857274062894505
0.886943471736 0.08553000257840336
0.887943971986 0.08576266998397354
0.888944472236 0.08601402812815531
0.889944972486 0.08612915902696139
0.890945472736 0.08707771882054588
0.891945972986 0.08840829024596357
0.892946473237 0.08949588236430914
0.893946973487 0.0911179909863203
0.894947473737 0.09294268559809163
0.895947973987 0.09459938733152794
0.896948474237 0.09812966362163303
0.897948974487 0.10437266781491095
0.898949474737 0.10867591665372689
0.899949974987 0.10456351803136274
0.900950475238 0.10124322778942296
0.901950975488 0.09972986863604112
0.902951475738 0.09919137965270301
0.903951975988 0.09881287900737558
0.904952476238 0.09924746806982367
0.905952976488 0.09888497975407548
0.906953476738 0.10027468076119332
0.907953976988 0.10211446782393648
0.908954477239 0.10502978000069524
0.909954977489 0.10002003489616956
0.910955477739 0.09925582937485125
0.911955977989 0.09767424707624227
0.912956478239 0.09669608516517644
0.913956978489 0.09636994676127339
0.914957478739 0.09457383221591666
0.915957978989 0.09750923283665941
0.91695847924 0.08873044890037572
0.91795897949 0.08938604394273914
0.91895947974 0.10072555285038531
0.91995997999 0.1279503274772629
0.92096048024 0.1397521463664501
0.92196098049 0.14257608167307453
0.92296148074 0.1290528236455112
0.92396198099 0.10402324237769126
0.924962481241 0.0985345901491338
0.925962981491 0.0935845490810214
0.926963481741 0.09002409736895486
0.927963981991 0.0881518050215039
0.928964482241 0.08742001919830983
0.929964982491 0.08774729837563308
0.930965482741 0.08081208995269763
0.931965982991 0.07897524249817896
0.932966483242 0.07817209998290774
0.933966983492 0.0773320547378555
0.934967483742 0.07700356895618789
0.935967983992 0.07630416111873074
0.936968484242 0.07645500945882447
0.937968984492 0.07601234197922928
0.938969484742 0.07586654600052509
0.939969984992 0.07541531951195166
0.940970485243 0.07555036736755841
0.941970985493 0.0752940697779462
0.942971485743 0.07516811242629434
0.943971985993 0.07503615336802066
0.944972486243 0.07498503116598244
0.945972986493 0.07469473940650415
0.946973486743 0.07466491534044596
0.947973986993 0.07455023502088606
0.948974487244 0.07437464333862662
0.949974987494 0.07430604868124621
0.950975487744 0.07434525022561447
0.951975987994 0.07432770949124642
0.952976488244 0.07418064286572561
0.953976988494 0.07408274912954764
0.954977488744 0.07423895638616897
0.955977988994 0.07450330660695964
0.956978489245 0.07515908645878448
0.957978989495 0.0755637804473262
0.958979489745 0.07645781576310673
0.959979989995 0.07733439589293525
0.960980490245 0.07807649257735869
0.961980990495 0.07952999787977616
0.962981490745 0.0855929651645806
0.963981990995 0.10387932458377055
0.964982491246 0.10895243128329965
0.965982991496 0.11321543637353138
0.966983491746 0.11749127696457888
0.967983991996 0.12662663829456253
0.968984492246 0.13433907061898206
0.969984992496 0.12983304587269626
0.970985492746 0.1358812199440387
0.971985992996 0.12547906451233679
0.972986493247 0.1243413922268635
0.973986993497 0.11987656453956909
0.974987493747 0.12342213113376728
0.975987993997 0.11939423480949861
0.976988494247 0.10759072657569758
0.977988994497 0.10504351704832292
0.978989494747 0.09948213369623461
0.979989994997 0.09940641169987491
0.980990495248 0.09838211208837346
0.981990995498 0.09749816722864253
0.982991495748 0.09771586006991809
0.983991995998 0.09750107504578326
0.984992496248 0.09719769492098675
0.985992996498 0.09750716352342073
0.986993496748 0.09872158215306726
0.987993996998 0.09902710110616914
0.988994497249 0.09914774346819302
0.989994997499 0.10009346836796207
0.990995497749 0.10204416151660353
0.991995997999 0.10423294727676317
0.992996498249 0.10696473205406623
0.993996998499 0.1124782321848546
0.994997498749 0.10402696998803321
0.995997999 0.10184648809482469
0.99699849925 0.10196854977685495
0.9979989995 0.10166212585658387
0.99899949975 0.10198899092856599
1.0 0.09825215921988262
