-1.0 0.06658507578592829
-0.99899949975 0.06620260684415802
-0.9979989995 0.0662125560938393
-0.99699849925 0.06767870016353818
-0.995997999 0.06719979967856061
-0.994997498749 0.06702988801968816
-0.993996998499 0.06667100740803877
-0.992996498249 0.06757711701349803
-0.991995997999 0.06910634662511506
-0.990995497749 0.06698222617582866
-0.989994997499 0.06660671025128159
-0.988994497249 0.0671409199124547
-0.987993996998 0.06658656946381497
-0.986993496748 0.06626131154610591
-0.985992996498 0.06685798571977467
-0.984992496248 0.06638462767552196
-0.983991995998 0.0662400794466953
-0.982991495748 0.06504457796005712
-0.981990995498 0.06480238984866384
-0.980990495248 0.06467487379202219
-0.979989994997 0.06499107330907371
-0.978989494747 0.06457574643168384
-0.977988994497 0.06379803799243608
-0.976988494247 0.06350447716112848
-0.975987993997 0.06319925409497144
-0.974987493747 0.06312893207122175
-0.973986993497 0.06293932182284977
-0.972986493247 0.06534984141155326
-0.971985992996 0.06658984243459672
-0.970985492746 0.06696963364778526
-0.969984992496 0.06702950779489637
-0.968984492246 0.06692059651105403
-0.967983991996 0.07436045048314108
-0.966983491746 0.07278959200195628
-0.965982991496 0.071525078507287
-0.964982491246 0.06662632800552147
-0.963981990995 0.06653776207268502
-0.962981490745 0.0666368338450147
-0.961980990495 0.06701987442934626
-0.960980490245 0.06719847078062964
-0.959979989995 0.06769417165639076
-0.958979489745 0.0669353420172512
-0.957978989495 0.06684772319059985
-0.956978489245 0.06680548649561431
-0.955977988994 0.06729156637510707
-0.954977488744 0.06626193886450482
-0.953976988494 0.06605693356608497
-0.952976488244 0.06571841688886036
-0.951975987994 0.06584864101438229
-0.950975487744 0.0653572310298823
-0.949974987494 0.06461712978103877
-0.948974487244 0.06389648465425309
-0.947973986993 0.06328439713444034
-0.946973486743 0.06257961242115559
-0.945972986493 0.06215516398702888
-0.944972486243 0.06100501552006734
-0.943971985993 0.06057862908701085
-0.942971485743 0.06039090698871882
-0.941970985493 0.06027194043290481
-0.940970485243 0.059788157964043236
-0.939969984992 0.059265340588830026
-0.938969484742 0.05902220259264041
-0.937968984492 0.05867605303097996
-0.936968484242 0.05844672348485225
-0.935967983992 0.05851208122341669
-0.934967483742 0.059680651024591365
-0.933966983492 0.05902843841682964
-0.932966483242 0.05996209623418173
-0.931965982991 0.06111408090277875
-0.930965482741 0.060981195685612166
-0.929964982491 0.061376426134668705
-0.928964482241 0.0631006589583731
-0.927963981991 0.061313240130950665
-0.926963481741 0.06091622425304787
-0.925962981491 0.06072139213808841
-0.924962481241 0.06057139941014751
-0.92396198099 0.06060758403262628
-0.92296148074 0.06063984386265554
-0.92196098049 0.060656643398011745
-0.92096048024 0.06074421388047786
-0.91995997999 0.06075901072611108
-0.91895947974 0.06099089538864251
-0.91795897949 0.0669174283975834
-0.91695847924 0.06702358055309728
-0.915957978989 0.06609662713561494
-0.914957478739 0.06541469867502617
-0.913956978489 0.06541347206413231
-0.912956478239 0.06616632843250203
-0.911955977989 0.0650140014916107
-0.910955477739 0.060162070943289306
-0.909954977489 0.06115522856540934
-0.908954477239 0.053901801197262025
-0.907953976988 0.05225837679092957
-0.906953476738 0.05281747035473238
-0.905952976488 0.05217943692301067
-0.904952476238 0.051808629243707036
-0.903951975988 0.051423589569894755
-0.902951475738 0.051044678028824376
-0.901950975488 0.051338733057365055
-0.900950475238 0.05146924743346451
-0.899949974987 0.05277930766299419
-0.898949474737 0.051935190813639266
-0.897948974487 0.052444680050515335
-0.896948474237 0.05224053141246181
-0.895947973987 0.05167264591506138
-0.894947473737 0.053852921321770796
-0.893946973487 0.05651013910788253
-0.892946473237 0.05807595099345175
-0.891945972986 0.05748563859532462
-0.890945472736 0.05804229055906062
-0.889944972486 0.05924320786720753
-0.888944472236 0.05807443114716746
-0.887943971986 0.05736505348880073
-0.886943471736 0.05702229063481672
-0.885942971486 0.057468123724744795
-0.884942471236 0.0576218340016354
-0.883941970985 0.058817295798897676
-0.882941470735 0.05996244606218347
-0.881940970485 0.05797298664350757
-0.880940470235 0.06232355841651941
-0.879939969985 0.06449233446607665
-0.878939469735 0.06415394535045997
-0.877938969485 0.06401837775202293
-0.876938469235 0.06623755353163693
-0.875937968984 0.06303592557736258
-0.874937468734 0.06191824642644436
-0.873936968484 0.06041642006631097
-0.872936468234 0.061522674979555575
-0.871935967984 0.061418402743387744
-0.870935467734 0.06105210367372869
-0.869934967484 0.06075383957695698
-0.868934467234 0.060683502191643174
-0.867933966983 0.06293446417403219
-0.866933466733 0.06011159715902027
-0.865932966483 0.0595605869639272
-0.864932466233 0.05962727949777967
-0.863931965983 0.06022053427035615
-0.862931465733 0.06105677581421191
-0.861930965483 0.06166520129616717
-0.860930465233 0.06264516988906696
-0.859929964982 0.06024311433433434
-0.858929464732 0.059242372965108064
-0.857928964482 0.05850703246168574
-0.856928464232 0.059933558623338955
-0.855927963982 0.059700567716113206
-0.854927463732 0.0589458320891502
-0.853926963482 0.05815651023882179
-0.852926463232 0.05814462669321872
-0.851925962981 0.0580103975487829
-0.850925462731 0.057768016313256794
-0.849924962481 0.05872126923190025
-0.848924462231 0.05869008223822698
-0.847923961981 0.05503953716446882
-0.846923461731 0.05408517390656171
-0.845922961481 0.05357653546166943
-0.844922461231 0.05423589521031245
-0.84392196098 0.05150385960974201
-0.84292146073 0.051127940217209046
-0.84192096048 0.05083241664095876
-0.84092046023 0.05039364195179763
-0.83991995998 0.050061048564477975
-0.83891945973 0.04841045010713808
-0.83791895948 0.0483355508009303
-0.83691845923 0.04851648933999521
-0.835917958979 0.046862837032786854
-0.834917458729 0.04697336050677488
-0.833916958479 0.04685083435034379
-0.832916458229 0.046664888505717136
-0.831915957979 0.046393101918514146
-0.830915457729 0.046197961829210696
-0.829914957479 0.047306608306406185
-0.828914457229 0.04734650969986958
-0.827913956978 0.04730166317394273
-0.826913456728 0.04897933112571748
-0.825912956478 0.049347982442086366
-0.824912456228 0.04941069716528998
-0.823911955978 0.05349642121723957
-0.822911455728 0.054365168483971334
-0.821910955478 0.05498130133851854
-0.820910455228 0.0556823456041733
-0.819909954977 0.05493308661820132
-0.818909454727 0.05569603680459157
-0.817908954477 0.055374673555828084
-0.816908454227 0.053921761017952825
-0.815907953977 0.0536425174483912
-0.814907453727 0.053142253774516215
-0.813906953477 0.05395943018834741
-0.812906453227 0.054163764920058796
-0.811905952976 0.05321284837037992
-0.810905452726 0.05307470580501524
-0.809904952476 0.052881026643572936
-0.808904452226 0.05261267598873577
-0.807903951976 0.053589265455932976
-0.806903451726 0.05522654864330581
-0.805902951476 0.056318198722982535
-0.804902451226 0.05518188050759514
-0.803901950975 0.055059529791196465
-0.802901450725 0.05510853638273587
-0.801900950475 0.05541290765419543
-0.800900450225 0.05632691212411019
-0.799899949975 0.0549763332324075
-0.798899449725 0.054665749296128774
-0.797898949475 0.05422062449848712
-0.796898449225 0.05411776413846363
-0.795897948974 0.05452107588976511
-0.794897448724 0.054239146151900584
-0.793896948474 0.05383604557605792
-0.792896448224 0.05279729860137232
-0.791895947974 0.052719202036327746
-0.790895447724 0.052870766612072184
-0.789894947474 0.047573976000954935
-0.788894447224 0.04751115037656453
-0.787893946973 0.047460692056820734
-0.786893446723 0.04741463073212896
-0.785892946473 0.04757633028324257
-0.784892446223 0.0479340876716589
-0.783891945973 0.048647804033238165
-0.782891445723 0.04870883345294617
-0.781890945473 0.04897306303610888
-0.780890445223 0.04696588214268639
-0.779889944972 0.047101881687949085
-0.778889444722 0.04574569938706107
-0.777888944472 0.04508592417373834
-0.776888444222 0.044679679558976546
-0.775887943972 0.044416527950307365
-0.774887443722 0.04410047197445576
-0.773886943472 0.04424301910656825
-0.772886443222 0.044422132476340706
-0.771885942971 0.044454009274370175
-0.770885442721 0.044565842368210984
-0.769884942471 0.044079565807563184
-0.768884442221 0.04401387680489401
-0.767883941971 0.044186047413875565
-0.766883441721 0.04399508131786373
-0.765882941471 0.04390943250324261
-0.764882441221 0.04389204255783713
-0.76388194097 0.0444535215527187
-0.76288144072 0.044227613078015225
-0.76188094047 0.04444629274142357
-0.76088044022 0.044648043152086876
-0.75987993997 0.04495235288774795
-0.75887943972 0.04557190410311284
-0.75787893947 0.04749458752758572
-0.75687843922 0.04654606995113901
-0.755877938969 0.046007528350375845
-0.754877438719 0.045720510452647294
-0.753876938469 0.04537117941228216
-0.752876438219 0.045156656621013654
-0.751875937969 0.04521486988737821
-0.750875437719 0.045377237442562
-0.749874937469 0.04538183696320716
-0.748874437219 0.04531060959233315
-0.747873936968 0.04508655501828612
-0.746873436718 0.04487492526199493
-0.745872936468 0.04489537988878144
-0.744872436218 0.044988788423914454
-0.743871935968 0.04508373522283134
-0.742871435718 0.045076944799634144
-0.741870935468 0.045765886389399234
-0.740870435218 0.049493752315106096
-0.739869934967 0.05140954092183365
-0.738869434717 0.050954206785303796
-0.737868934467 0.051039056389823784
-0.736868434217 0.05019638010705744
-0.735867933967 0.048002227380402954
-0.734867433717 0.04800376415918784
-0.733866933467 0.048071097114649755
-0.732866433217 0.04826273782851188
-0.731865932966 0.048950861563738235
-0.730865432716 0.04922481146996209
-0.729864932466 0.04811953481655459
-0.728864432216 0.047736805272216944
-0.727863931966 0.0476317194805816
-0.726863431716 0.04737225940402821
-0.725862931466 0.04697372480637393
-0.724862431216 0.04643184915168303
-0.723861930965 0.046436770541428994
-0.722861430715 0.046453026815843526
-0.721860930465 0.046469069341448135
-0.720860430215 0.04647197378827979
-0.719859929965 0.04645953106618897
-0.718859429715 0.04648633109762612
-0.717858929465 0.046434855099226804
-0.716858429215 0.04640860049921948
-0.715857928964 0.04641574339544914
-0.714857428714 0.04639771169095424
-0.713856928464 0.046283001992947784
-0.712856428214 0.04618419428739878
-0.711855927964 0.0460938727384329
-0.710855427714 0.04597514199399612
-0.709854927464 0.04586689768728369
-0.708854427214 0.045822401490683576
-0.707853926963 0.0456600861488525
-0.706853426713 0.04564499266862519
-0.705852926463 0.045583507158834385
-0.704852426213 0.04559219627876583
-0.703851925963 0.04538165845365344
-0.702851425713 0.044973229498351704
-0.701850925463 0.04480461116142021
-0.700850425213 0.04476697962960092
-0.699849924962 0.04484033898800863
-0.698849424712 0.044933645857774276
-0.697848924462 0.04492968609377019
-0.696848424212 0.04503236972784657
-0.695847923962 0.045512779117630964
-0.694847423712 0.04538693743436125
-0.693846923462 0.04423767505253948
-0.692846423212 0.04428969599136804
-0.691845922961 0.04440167130117537
-0.690845422711 0.04427934477520836
-0.689844922461 0.04419961928049245
-0.688844422211 0.04261399213700168
-0.687843921961 0.04267694579817395
-0.686843421711 0.042801458423765336
-0.685842921461 0.043137431175248334
-0.684842421211 0.04326032627982172
-0.68384192096 0.043376252001497875
-0.68284142071 0.04323973688300536
-0.68184092046 0.043386365016020785
-0.68084042021 0.04367746999053235
-0.67983991996 0.04448078870725328
-0.67883941971 0.04480492287774887
-0.67783891946 0.04575545856598407
-0.67683841921 0.044721827199638214
-0.675837918959 0.04526462574698921
-0.674837418709 0.04555372048050179
-0.673836918459 0.045993255938283115
-0.672836418209 0.0468124426935384
-0.671835917959 0.046358492042855935
-0.670835417709 0.04612109570532228
-0.669834917459 0.05577032126601215
-0.668834417209 0.05884921516019026
-0.667833916958 0.06060811575085909
-0.666833416708 0.06383789302651542
-0.665832916458 0.06725891201618464
-0.664832416208 0.07410612939851796
-0.663831915958 0.07819942477261006
-0.662831415708 0.05602777058953206
-0.661830915458 0.05388946625185771
-0.660830415208 0.05312902075626801
-0.659829914957 0.052633174829424666
-0.658829414707 0.052359179690424834
-0.657828914457 0.05256960701148047
-0.656828414207 0.03956624342351457
-0.655827913957 0.039661680276739664
-0.654827413707 0.03974099757837466
-0.653826913457 0.03988111914596158
-0.652826413207 0.03989745813852453
-0.651825912956 0.040048854120309015
-0.650825412706 0.04007766133926649
-0.649824912456 0.04010505853478792
-0.648824412206 0.0401858053837377
-0.647823911956 0.04027349061560665
-0.646823411706 0.04046324110447061
-0.645822911456 0.04056702792824819
-0.644822411206 0.040793159522804136
-0.643821910955 0.04102884893269377
-0.642821410705 0.04116628150890132
-0.641820910455 0.04136185040258244
-0.640820410205 0.04173057689769956
-0.639819909955 0.04192660166787565
-0.638819409705 0.042243051668237545
-0.637818909455 0.04266134422567644
-0.636818409205 0.0431653851757379
-0.635817908954 0.04347507811349928
-0.634817408704 0.04396192674228298
-0.633816908454 0.04440957559797549
-0.632816408204 0.04387824128543337
-0.631815907954 0.044109171748990164
-0.630815407704 0.044512976245564405
-0.629814907454 0.04504419075115197
-0.628814407204 0.04422601194612937
-0.627813906953 0.04447439912201204
-0.626813406703 0.04518897612408832
-0.625812906453 0.044766556215279495
-0.624812406203 0.04366555722003145
-0.623811905953 0.04428269721026143
-0.622811405703 0.044701082106611896
-0.621810905453 0.04569557274742683
-0.620810405203 0.045575182432614124
-0.619809904952 0.045521774703968176
-0.618809404702 0.045398548488356186
-0.617808904452 0.045453694442543595
-0.616808404202 0.04581389957862224
-0.615807903952 0.04630127765231534
-0.614807403702 0.046495107021414794
-0.613806903452 0.047070935401465716
-0.612806403202 0.047354958718672104
-0.611805902951 0.04765473384532715
-0.610805402701 0.048218441740633784
-0.609804902451 0.04845776163564763
-0.608804402201 0.049005267100532476
-0.607803901951 0.05014718956800349
-0.606803401701 0.05113229046693759
-0.605802901451 0.04975169002396468
-0.604802401201 0.0504703953993052
-0.60380190095 0.05091995891399702
-0.6028014007 0.0512966625071628
-0.60180090045 0.052690213498858385
-0.6008004002 0.054171766184078186
-0.59979989995 0.05550496813173546
-0.5987993997 0.05596618911543033
-0.59779889945 0.05427918395360799
-0.5967983992 0.053323300792573795
-0.595797898949 0.05262922162564977
-0.594797398699 0.052331312354770974
-0.593796898449 0.05247428706162841
-0.592796398199 0.05300082865237704
-0.591795897949 0.052696625300828165
-0.590795397699 0.052696242471278076
-0.589794897449 0.05205753014206056
-0.588794397199 0.052040974359687325
-0.587793896948 0.05247917847698286
-0.586793396698 0.05224587431345906
-0.585792896448 0.05116917983412328
-0.584792396198 0.05122749325228687
-0.583791895948 0.05116459441219631
-0.582791395698 0.051783907761168924
-0.581790895448 0.05247436413388637
-0.580790395198 0.0535416980663361
-0.579789894947 0.05111203513677262
-0.578789394697 0.050931849718990216
-0.577788894447 0.045451779804315764
-0.576788394197 0.04502770244302757
-0.575787893947 0.04450472766666689
-0.574787393697 0.044410752641394345
-0.573786893447 0.044370721479196705
-0.572786393197 0.044253718000827405
-0.571785892946 0.04408151867840102
-0.570785392696 0.044022797145520855
-0.569784892446 0.043951442578965744
-0.568784392196 0.043923890629255904
-0.567783891946 0.04390406948452719
-0.566783391696 0.04405980637971791
-0.565782891446 0.04401041527111273
-0.564782391196 0.0439384649389086
-0.563781890945 0.043846014144327365
-0.562781390695 0.04398149954754517
-0.561780890445 0.04492208000391879
-0.560780390195 0.043547939384496276
-0.559779889945 0.04369559106996808
-0.558779389695 0.04369385763492377
-0.557778889445 0.04388919350399414
-0.556778389195 0.04273805643885863
-0.555777888944 0.042613008483755065
-0.554777388694 0.0425391697622649
-0.553776888444 0.04220270774132481
-0.552776388194 0.041913368151993174
-0.551775887944 0.04172807323601
-0.550775387694 0.04151211239814526
-0.549774887444 0.041216637565226
-0.548774387194 0.04126721004485436
-0.547773886943 0.04103552953855285
-0.546773386693 0.040760940277662965
-0.545772886443 0.04069419309360167
-0.544772386193 0.04084278467792263
-0.543771885943 0.04060889414640027
-0.542771385693 0.040092680168208064
-0.541770885443 0.03937573088285744
-0.540770385193 0.03899520297664039
-0.539769884942 0.037979877097748416
-0.538769384692 0.03782054280221933
-0.537768884442 0.037695737400511874
-0.536768384192 0.037593702184930085
-0.535767883942 0.03751129924991636
-0.534767383692 0.03744799667758663
-0.533766883442 0.03747571253089755
-0.532766383192 0.03725965964599515
-0.531765882941 0.03713871059236061
-0.530765382691 0.037088592415385195
-0.529764882441 0.03695336710203982
-0.528764382191 0.03691958570999216
-0.527763881941 0.036983614325173025
-0.526763381691 0.036783816035064226
-0.525762881441 0.036540636429921315
-0.524762381191 0.036292332703506965
-0.52376188094 0.03606079204094703
-0.52276138069 0.03598335683974809
-0.52176088044 0.03583958688438325
-0.52076038019 0.035629859659029484
-0.51975987994 0.03555282759196091
-0.51875937969 0.03554311743503909
-0.51775887944 0.035493325255568475
-0.51675837919 0.03548743104789361
-0.515757878939 0.035562857941955274
-0.514757378689 0.035686063282528
-0.513756878439 0.03586870378795189
-0.512756378189 0.03480864430691105
-0.511755877939 0.034669140312237196
-0.510755377689 0.03435557556074277
-0.509754877439 0.03413909684102163
-0.508754377189 0.03396909539806595
-0.507753876938 0.0339664160550429
-0.506753376688 0.03376559002335943
-0.505752876438 0.03378299537381002
-0.504752376188 0.0338138773810946
-0.503751875938 0.03386706385610081
-0.502751375688 0.03413679781531014
-0.501750875438 0.03442068681843528
-0.500750375188 0.034484026988427785
-0.499749874937 0.033727080267623506
-0.498749374687 0.033304117501057294
-0.497748874437 0.03321492210902617
-0.496748374187 0.033113864434359375
-0.495747873937 0.033137426936697675
-0.494747373687 0.03291287417032489
-0.493746873437 0.03269050401213168
-0.492746373187 0.032561215540561364
-0.491745872936 0.032663206023671384
-0.490745372686 0.03272831897074113
-0.489744872436 0.03273488770330111
-0.488744372186 0.032688013087802656
-0.487743871936 0.03266026718729763
-0.486743371686 0.03265134172876569
-0.485742871436 0.03278122752054719
-0.484742371186 0.03266070853087706
-0.483741870935 0.03260810238059253
-0.482741370685 0.03249917038656516
-0.481740870435 0.03256963789464721
-0.480740370185 0.03231154611371713
-0.479739869935 0.03210392830854783
-0.478739369685 0.032082338369202726
-0.477738869435 0.03215602761192613
-0.476738369185 0.03219990304488833
-0.475737868934 0.03273686032111166
-0.474737368684 0.0330604910816609
-0.473736868434 0.03295098579080937
-0.472736368184 0.03313710895201745
-0.471735867934 0.033101031179203405
-0.470735367684 0.03311786942903811
-0.469734867434 0.03317420889923596
-0.468734367184 0.033277420803877494
-0.467733866933 0.03336004910674628
-0.466733366683 0.033352815215890536
-0.465732866433 0.0334787377317558
-0.464732366183 0.03350226055781552
-0.463731865933 0.033460159601803895
-0.462731365683 0.033761356865631566
-0.461730865433 0.03443898445869135
-0.460730365183 0.034358689504440446
-0.459729864932 0.034330266112929574
-0.458729364682 0.03428681813318318
-0.457728864432 0.03436422654828909
-0.456728364182 0.03425387807633024
-0.455727863932 0.0342780728466772
-0.454727363682 0.03434050857658628
-0.453726863432 0.03456508004829534
-0.452726363182 0.035695217682054005
-0.451725862931 0.039004683489625325
-0.450725362681 0.03926925800754015
-0.449724862431 0.03986037351737608
-0.448724362181 0.03991449311003417
-0.447723861931 0.04180112740137439
-0.446723361681 0.04273324368544986
-0.445722861431 0.043566731050458087
-0.444722361181 0.04485293017758754
-0.44372186093 0.044642119231642845
-0.44272136068 0.045453000005823724
-0.44172086043 0.0451832845374419
-0.44072036018 0.045007866867894146
-0.43971985993 0.04530802133268812
-0.43871935968 0.04602453337234813
-0.43771885943 0.04739307908061577
-0.43671835918 0.048416458423556984
-0.435717858929 0.0493491745786604
-0.434717358679 0.04838006416157112
-0.433716858429 0.048001408532621366
-0.432716358179 0.04793747668837785
-0.431715857929 0.048321605017163795
-0.430715357679 0.04950319004004678
-0.429714857429 0.054328689879198026
-0.428714357179 0.04985612951646261
-0.427713856928 0.048972197010900574
-0.426713356678 0.04844952730642185
-0.425712856428 0.049298167698986844
-0.424712356178 0.04851298458414734
-0.423711855928 0.04721362126674567
-0.422711355678 0.046601672015465646
-0.421710855428 0.045586866903546346
-0.420710355178 0.04440959268423545
-0.419709854927 0.043211499537741845
-0.418709354677 0.041902705633599616
-0.417708854427 0.04059728245610086
-0.416708354177 0.0394518567784165
-0.415707853927 0.03831870806058967
-0.414707353677 0.03677029543483848
-0.413706853427 0.0358735176706232
-0.412706353177 0.03520860730111549
-0.411705852926 0.034491606186170566
-0.410705352676 0.033942091497419946
-0.409704852426 0.033553736346108594
-0.408704352176 0.03310890779342124
-0.407703851926 0.032664894258828674
-0.406703351676 0.03230987561181259
-0.405702851426 0.0319092920691336
-0.404702351176 0.031611307696478366
-0.403701850925 0.0313553723050431
-0.402701350675 0.030935076657126866
-0.401700850425 0.030602057808285576
-0.400700350175 0.030351003262463653
-0.399699849925 0.030052038155468225
-0.398699349675 0.0297308156112282
-0.397698849425 0.02951809970292877
-0.396698349175 0.02926584123533401
-0.395697848924 0.02907323438172857
-0.394697348674 0.028626365401170185
-0.393696848424 0.028232109076459264
-0.392696348174 0.028031824275864925
-0.391695847924 0.027578009927728717
-0.390695347674 0.02716121679153639
-0.389694847424 0.02677648997969962
-0.388694347174 0.02647363932571629
-0.387693846923 0.02609521138207989
-0.386693346673 0.025837342709875318
-0.385692846423 0.025536985488941597
-0.384692346173 0.025191417624148393
-0.383691845923 0.02489599083697454
-0.382691345673 0.024587284496172604
-0.381690845423 0.024273040986895762
-0.380690345173 0.024030346939354
-0.379689844922 0.023775005998618714
-0.378689344672 0.023484636696153364
-0.377688844422 0.023219703674987238
-0.376688344172 0.02294986764672104
-0.375687843922 0.02271756552055586
-0.374687343672 0.02247879509535987
-0.373686843422 0.022271039080237455
-0.372686343172 0.02205506918105293
-0.371685842921 0.0218175378476681
-0.370685342671 0.021607889764013323
-0.369684842421 0.02139291233279225
-0.368684342171 0.021208716008012576
-0.367683841921 0.021032546429778354
-0.366683341671 0.020859274774404333
-0.365682841421 0.020671630891907534
-0.364682341171 0.02049923021137673
-0.36368184092 0.020320198299705865
-0.36268134067 0.020141022774934358
-0.36168084042 0.01995960159629195
-0.36068034017 0.019824132950440273
-0.35967983992 0.019662406137475743
-0.35867933967 0.019504309582920095
-0.35767883942 0.01930498213723078
-0.35667833917 0.01910090410156234
-0.355677838919 0.018934803379142273
-0.354677338669 0.018770775952369066
-0.353676838419 0.018634475398269876
-0.352676338169 0.018510513095333345
-0.351675837919 0.018419842119294916
-0.350675337669 0.018291148125650053
-0.349674837419 0.01818046130047528
-0.348674337169 0.017930344522669044
-0.347673836918 0.017728933270366364
-0.346673336668 0.017564141137193397
-0.345672836418 0.017416607982133174
-0.344672336168 0.017240705019287025
-0.343671835918 0.01712896576065026
-0.342671335668 0.01699125068645272
-0.341670835418 0.01684111185423599
-0.340670335168 0.016740020388649503
-0.339669834917 0.016625597462863604
-0.338669334667 0.016576125006337764
-0.337668834417 0.016467684172181
-0.336668334167 0.016346561738881427
-0.335667833917 0.016285504828675836
-0.334667333667 0.016194066059461738
-0.333666833417 0.016106925184289245
-0.332666333167 0.016048307109076055
-0.331665832916 0.015959966214777986
-0.330665332666 0.015917418847094113
-0.329664832416 0.015884815608437478
-0.328664332166 0.015940723713620333
-0.327663831916 0.015887722964612643
-0.326663331666 0.015846494058556097
-0.325662831416 0.015790017324320834
-0.324662331166 0.015730561388825844
-0.323661830915 0.015858150547690922
-0.322661330665 0.016164857468924265
-0.321660830415 0.01599140331576623
-0.320660330165 0.016298896775421384
-0.319659829915 0.015669053288203515
-0.318659329665 0.014770410750318331
-0.317658829415 0.014778746210243195
-0.316658329165 0.014536850801243189
-0.315657828914 0.014436533068400877
-0.314657328664 0.01437076112328957
-0.313656828414 0.014217519637774902
-0.312656328164 0.014138381881620983
-0.311655827914 0.014111718024170675
-0.310655327664 0.014106889503113371
-0.309654827414 0.013664243790415536
-0.308654327164 0.013518718259800456
-0.307653826913 0.013528305322328602
-0.306653326663 0.013549340892323672
-0.305652826413 0.013484638921555134
-0.304652326163 0.013396554566452066
-0.303651825913 0.013320952522165395
-0.302651325663 0.01310995073224876
-0.301650825413 0.013029594608927645
-0.300650325163 0.013021397568733419
-0.299649824912 0.012975958242309115
-0.298649324662 0.012846986131009892
-0.297648824412 0.012741809395754406
-0.296648324162 0.014231434681753927
-0.295647823912 0.012400832553701373
-0.294647323662 0.012104620983211953
-0.293646823412 0.011914231331065056
-0.292646323162 0.011703637968172196
-0.291645822911 0.01169226623535507
-0.290645322661 0.011574589646703905
-0.289644822411 0.011478925713129922
-0.288644322161 0.011422730134797063
-0.287643821911 0.011343043959363875
-0.286643321661 0.011322678269952126
-0.285642821411 0.011269950432062904
-0.284642321161 0.011253762555246466
-0.28364182091 0.011242279840164666
-0.28264132066 0.011219048633578496
-0.28164082041 0.011156004664051223
-0.28064032016 0.011141251374331834
-0.27963981991 0.011114139789887253
-0.27863931966 0.011082978266376638
-0.27763881941 0.01106446577660829
-0.27663831916 0.011069324584428606
-0.275637818909 0.0110550000195237
-0.274637318659 0.011017399002373241
-0.273636818409 0.011019503608735118
-0.272636318159 0.011039611046877602
-0.271635817909 0.011069457332086587
-0.270635317659 0.011160894396556358
-0.269634817409 0.011223011368155638
-0.268634317159 0.011306936763322641
-0.267633816908 0.011236886309661364
-0.266633316658 0.011204226498142652
-0.265632816408 0.011232089834071039
-0.264632316158 0.01132022877309195
-0.263631815908 0.011402534679562272
-0.262631315658 0.011497645422816564
-0.261630815408 0.011560756950105694
-0.260630315158 0.011670746581868577
-0.259629814907 0.01180338906460408
-0.258629314657 0.011970931045311736
-0.257628814407 0.012183755665653146
-0.256628314157 0.012435234207900329
-0.255627813907 0.01269728912805896
-0.254627313657 0.013070484045683466
-0.253626813407 0.013514686204398494
-0.252626313157 0.014187789340504868
-0.251625812906 0.015140023385944064
-0.250625312656 0.016535140610320763
-0.249624812406 0.01909673902890972
-0.248624312156 0.06351186311501984
-0.247623811906 0.043171278334699165
-0.246623311656 0.035343484821181465
-0.245622811406 0.03101727719406778
-0.244622311156 0.02706137496768366
-0.243621810905 0.027100321023544576
-0.242621310655 0.024326095452203277
-0.241620810405 0.023689224920253837
-0.240620310155 0.02262023826572421
-0.239619809905 0.021783226953390786
-0.238619309655 0.021094930072737626
-0.237618809405 0.020557978536565043
-0.236618309155 0.02013784558713939
-0.235617808904 0.019582089728449582
-0.234617308654 0.01958204087953938
-0.233616808404 0.019483631195794875
-0.232616308154 0.01990150189594751
-0.231615807904 0.020039658221535514
-0.230615307654 0.02016599431514228
-0.229614807404 0.019858018596421046
-0.228614307154 0.01509158179940057
-0.227613806903 0.014942588181052
-0.226613306653 0.015000326478363597
-0.225612806403 0.015136619544060512
-0.224612306153 0.018718527183468833
-0.223611805903 0.01540518389712695
-0.222611305653 0.015110091568243191
-0.221610805403 0.015195324545398436
-0.220610305153 0.015388467907880553
-0.219609804902 0.015844072516700534
-0.218609304652 0.015784692609171685
-0.217608804402 0.01617831052389155
-0.216608304152 0.015456465289494183
-0.215607803902 0.01539637595030472
-0.214607303652 0.015084948360968835
-0.213606803402 0.014824520792904227
-0.212606303152 0.014709772368943762
-0.211605802901 0.014702132462147025
-0.210605302651 0.01462287754411379
-0.209604802401 0.014720932469171054
-0.208604302151 0.014831493622556272
-0.207603801901 0.014868962196080943
-0.206603301651 0.014865170589302508
-0.205602801401 0.014948318307489845
-0.204602301151 0.015059842997082667
-0.2036018009 0.015206451554096025
-0.20260130065 0.015440488447518098
-0.2016008004 0.015760995605177512
-0.20060030015 0.016211666662769127
-0.1995997999 0.016451625829642887
-0.19859929965 0.017278474741156114
-0.1975987994 0.015938174435651088
-0.19659829915 0.015743371437198457
-0.195597798899 0.015789248320074223
-0.194597298649 0.015537796370829245
-0.193596798399 0.015785832218487235
-0.192596298149 0.016033548401637336
-0.191595797899 0.015925641383235125
-0.190595297649 0.015791748717940507
-0.189594797399 0.016046348718176263
-0.188594297149 0.016069055551383354
-0.187593796898 0.01602256426329179
-0.186593296648 0.016017556225050862
-0.185592796398 0.01599912092377377
-0.184592296148 0.016157163881026435
-0.183591795898 0.016281234570645342
-0.182591295648 0.01622387473481377
-0.181590795398 0.016257109835582966
-0.180590295148 0.0165450538298071
-0.179589794897 0.016616821806643294
-0.178589294647 0.01647449059677193
-0.177588794397 0.01683719133637596
-0.176588294147 0.016435242817679444
-0.175587793897 0.016529375961234084
-0.174587293647 0.015996562007590795
-0.173586793397 0.015931515140052765
-0.172586293147 0.010395975370905319
-0.171585792896 0.0104358624539695
-0.170585292646 0.01048608593291987
-0.169584792396 0.010523208784061405
-0.168584292146 0.010732769916385112
-0.167583791896 0.01061630809590519
-0.166583291646 0.010487314377128092
-0.165582791396 0.010447607219270055
-0.164582291146 0.01046318523306148
-0.163581790895 0.010460125715786618
-0.162581290645 0.010472690234745879
-0.161580790395 0.010522449411331942
-0.160580290145 0.010573576928628002
-0.159579789895 0.010639281652414487
-0.158579289645 0.010770521211021622
-0.157578789395 0.010891241548179898
-0.156578289145 0.011078555447716118
-0.155577788894 0.011128462062208947
-0.154577288644 0.0113344330510158
-0.153576788394 0.011379448437766435
-0.152576288144 0.011376286855222862
-0.151575787894 0.011353579523780417
-0.150575287644 0.011374338707882188
-0.149574787394 0.011506070641408479
-0.148574287144 0.011656688093025188
-0.147573786893 0.011766809292361248
-0.146573286643 0.011959561869026289
-0.145572786393 0.012251353594400476
-0.144572286143 0.012374289793377565
-0.143571785893 0.01233356697701391
-0.142571285643 0.012300131585268088
-0.141570785393 0.012378247239385009
-0.140570285143 0.012550250648424808
-0.139569784892 0.012824389742690866
-0.138569284642 0.012780615228788752
-0.137568784392 0.012952819628727264
-0.136568284142 0.01284822403114627
-0.135567783892 0.012712821136529375
-0.134567283642 0.013191959294843812
-0.133566783392 0.013532570786542948
-0.132566283142 0.013623579298028881
-0.131565782891 0.013476022998021921
-0.130565282641 0.014067977414033069
-0.129564782391 0.014797171396985196
-0.128564282141 0.015574525993439642
-0.127563781891 0.020498048685989215
-0.126563281641 0.0030537045209526343
-0.125562781391 0.0030497739374761596
-0.124562281141 0.0030689125481955237
-0.12356178089 0.0030770175334903418
-0.12256128064 0.0029811963931648056
-0.12156078039 0.0028987350063682704
-0.12056028014 0.0028642545556212145
-0.11955977989 0.0028680981176296633
-0.11855927964 0.002865314593717055
-0.11755877939 0.002846638459473835
-0.11655827914 0.002845271773391898
-0.115557778889 0.002857946566792897
-0.114557278639 0.0028647324878387954
-0.113556778389 0.0028759146656080013
-0.112556278139 0.002896694119273296
-0.111555777889 0.002913967631688475
-0.110555277639 0.00294765390160019
-0.109554777389 0.002965222509616054
-0.108554277139 0.0029814043184058616
-0.107553776888 0.003002919642270009
-0.106553276638 0.003030728579544828
-0.105552776388 0.0030648026394463363
-0.104552276138 0.00310800018709511
-0.103551775888 0.0031818180167916764
-0.102551275638 0.0032530992172133564
-0.101550775388 0.003280527202854138
-0.100550275138 0.0032889637299416503
-0.0995497748874 0.003310223133127397
-0.0985492746373 0.0033492575496910874
-0.0975487743872 0.0034320734984498755
-0.0965482741371 0.0035314910683976984
-0.0955477738869 0.003652843754688333
-0.0945472736368 0.003808681229127734
-0.0935467733867 0.003951091680517256
-0.0925462731366 0.004104076122965926
-0.0915457728864 0.004292673730121545
-0.0905452726363 0.004540257208334885
-0.0895447723862 0.004820529994735336
-0.0885442721361 0.005129364108744341
-0.0875437718859 0.005541354400226812
-0.0865432716358 0.006080239928519712
-0.0855427713857 0.006778405454229741
-0.0845422711356 0.007547752340236339
-0.0835417708854 0.00878704340640189
-0.0825412706353 0.011269953639419539
-0.0815407703852 0.01524379819320236
-0.0805402701351 0.020583160187609775
-0.0795397698849 0.016415359176617822
-0.0785392696348 0.014345290285967914
-0.0775387693847 0.013147049906639376
-0.0765382691346 0.011018628757144263
-0.0755377688844 0.010712436112708383
-0.0745372686343 0.009888051676593238
-0.0735367683842 0.008827694361806356
-0.0725362681341 0.008622749253655118
-0.0715357678839 0.008413654865412214
-0.0705352676338 0.007940986025803206
-0.0695347673837 0.007675630102895704
-0.0685342671336 0.007451952472974069
-0.0675337668834 0.00717543580441231
-0.0665332666333 0.006847601703795097
-0.0655327663832 0.006394562857031524
-0.0645322661331 0.006282286170822537
-0.0635317658829 0.00619017037029887
-0.0625312656328 0.006122214652773686
-0.0615307653827 0.005732264081565329
-0.0605302651326 0.005628606633695865
-0.0595297648824 0.005530741988594933
-0.0585292646323 0.005414043360423975
-0.0575287643822 0.005286384345639467
-0.0565282641321 0.005189644037948177
-0.0555277638819 0.0051447486241730945
-0.0545272636318 0.005028965101654592
-0.0535267633817 0.004903896238539003
-0.0525262631316 0.0047976163036683485
-0.0515257628814 0.0048742232812022685
-0.0505252626313 0.004856383776783529
-0.0495247623812 0.004703833305094537
-0.0485242621311 0.004656766753999869
-0.0475237618809 0.004847108239012112
-0.0465232616308 0.004946931011098981
-0.0455227613807 0.004627991760446638
-0.0445222611306 0.0049169341116358034
-0.0435217608804 0.004553420317942921
-0.0425212606303 0.002130964285211696
-0.0415207603802 0.002131068864554257
-0.0405202601301 0.0021836507792485664
-0.0395197598799 0.0022391234641318826
-0.0385192596298 0.002231689066012574
-0.0375187593797 0.0021899229815831272
-0.0365182591296 0.0021689029159251117
-0.0355177588794 0.0022321901198325495
-0.0345172586293 0.0023119394267260124
-0.0335167583792 0.0022143912437193715
-0.0325162581291 0.0022034737914961777
-0.0315157578789 0.0023726488193869973
-0.0305152576288 0.002197930211286691
-0.0295147573787 0.0025654048128339758
-0.0285142571286 0.0003802867684445308
-0.0275137568784 0.00038972670157650334
-0.0265132566283 0.00039936894678001695
-0.0255127563782 0.0004129644905102144
-0.0245122561281 0.0004276188100493404
-0.0235117558779 0.0004429692043470499
-0.0225112556278 0.00046332497246834797
-0.0215107553777 0.000485903290481722
-0.0205102551276 0.0005151639997830452
-0.0195097548774 0.0005534974452783538
-0.0185092546273 0.0005974761421019209
-0.0175087543772 0.0006746451110191539
-0.0165082541271 0.0007988941459802386
-0.0155077538769 0.0024230314286973267
-0.0145072536268 0.0007240936804850225
-0.0135067533767 0.0006660586686453718
-0.0125062531266 0.0006232551350567668
-0.0115057528764 0.0005551034146956896
-0.0105052526263 0.0005436998241190736
-0.00950475237619 0.0005071934182970688
-0.00850425212606 0.0005084205271129342
-0.00750375187594 0.00046390172873867375
-0.00650325162581 0.0004494054773455373
-0.00550275137569 0.0004189989602744875
-0.00450225112556 0.00042274444945507317
-0.00350175087544 0.0004203885859996782
-0.00250125062531 0.0003963034984105142
-0.00150075037519 0.0003854464397656659
-0.000500250125063 0.00037551359698211056
0.000500250125063 0.0003787934363864825
0.00150075037519 0.0003578592232738409
0.00250125062531 0.00039670661672909507
0.00350175087544 0.00019282983890637432
0.00450225112556 2.8965303386849553e-05
0.00550275137569 3.5952405716398646e-05
0.00650325162581 4.293950804594771e-05
0.00750375187594 4.992661037549672e-05
0.00850425212606 5.669963681587012e-05
0.00950475237619 6.339911336197101e-05
0.0105052526263 8.923783620482712e-05
0.0115057528764 8.794324733727361e-05
0.0125062531266 8.928450277575759e-05
0.0135067533767 9.190190188900972e-05
0.0145072536268 0.00010364018048451862
0.0155077538769 0.00011537845908002605
0.0165082541271 0.00012711673767553292
0.0175087543772 0.00013885501627103973
0.0185092546273 0.00015044963513831535
0.0195097548774 0.00016183829711461872
0.0205102551276 0.0001608250434338691
0.0215107553777 0.0001914825899781516
0.0225112556278 0.00019494945732488665
0.0235117558779 0.00019841632467162097
0.0245122561281 0.00020231580022945386
0.0255127563782 0.0002073379424435889
0.0265132566283 0.0002259426610251257
0.0275137568784 0.00024454737960666177
0.0285142571286 0.00026315209818819873
0.0295147573787 0.00028175681676973564
0.0305152576288 0.00030036094236946236
0.0315157578789 0.0003188669804182702
0.0325162581291 0.0003062353738522817
0.0335167583792 0.0003451009261072009
0.0345172586293 0.00035087898114482185
0.0355177588794 0.00035698345324612006
0.0365182591296 0.0003630879253474182
0.0375187593797 0.0003691923974487178
0.0385192596298 0.0003879415164446927
0.0395197598799 0.0004155960373307612
0.0405202601301 0.00044337239944008125
0.0415207603802 0.0004711513630236225
0.0425212606303 0.0004989303266071647
0.0435217608804 0.0005234215066935654
0.0445222611306 0.0004999515732953891
0.0455227613807 0.0005445745219348851
0.0465232616308 0.0005528982666261264
0.0475237618809 0.0005612124799074372
0.0485242621311 0.0005694177544955301
0.0495247623812 0.000577662935151438
0.0505252626313 0.000599212036908814
0.0515257628814 0.0006352233636230855
0.0525262631316 0.0006711793965165432
0.0535267633817 0.0007071354294100023
0.0545272636318 0.0007430914623034621
0.0555277638819 0.0007459174619649786
0.0565282641321 0.000717305639337756
0.0575287643822 0.0007633513074604738
0.0585292646323 0.0007742283996958223
0.0595297648824 0.0007851080675639009
0.0605302651326 0.0007980933023315957
0.0615307653827 0.0008119353978685008
0.0625312656328 0.0008287293755993481
0.0635317658829 0.000864637358379519
0.0645322661331 0.0009005453411596857
0.0655327663832 0.0009332676430119324
0.0665332666333 0.0009615882947695494
0.0675337668834 0.0009405520540276424
0.0685342671336 0.0009349069920412724
0.0695347673837 0.0009295070167563814
0.0705352676338 0.0009560755095416605
0.0715357678839 0.000977798663383294
0.0725362681341 0.000989565531794617
0.0735367683842 0.0010012333685977682
0.0745372686343 0.001012875360155273
0.0755377688844 0.0010139753835051357
0.0765382691346 0.0010408790029256918
0.0775387693847 0.0010617434850828432
0.0785392696348 0.0010746274651435236
0.0795397698849 0.001065219686299478
0.0805402701351 0.0010612400762748774
0.0815407703852 0.0010729271062561742
0.0825412706353 0.0010732143807103871
0.0835417708854 0.0010735011448968915
0.0845422711356 0.0010744793596474884
0.0855427713857 0.0010829507119116683
0.0865432716358 0.0011102481891598003
0.0875437718859 0.0011256653526799652
0.0885442721361 0.0011360916324442106
0.0895447723862 0.00114620551494331
0.0905452726363 0.0011576382000772207
0.0915457728864 0.0011735001202865932
0.0925462731366 0.0011802079529853367
0.0935467733867 0.0011819972144356463
0.0945472736368 0.0011849247585813934
0.0955477738869 0.0011931171860488682
0.0965482741371 0.0012020185015592405
0.0975487743872 0.0012104693146373436
0.0985492746373 0.0012191391734980824
0.0995497748874 0.0012308606529668363
0.100550275138 0.001240742071657264
0.101550775388 0.0012523449262336632
0.102551275638 0.0012626613427375712
0.103551775888 0.0012728974760753884
0.104552276138 0.0012830125532817746
0.105552776388 0.0012932934523318966
0.106553276638 0.0014334262274538056
0.107553776888 0.0014439846352468306
0.108554277139 0.0014604019107542316
0.109554777389 0.001452464094276682
0.110555277639 0.0014495272637891385
0.111555777889 0.0014556394785605027
0.112556278139 0.001462262008779185
0.113556778389 0.0014751538264463453
0.114557278639 0.0014817515158313706
0.115557778889 0.0014855837077903428
0.11655827914 0.0014950142258813878
0.11755877939 0.0014977551881617008
0.11855927964 0.0015040345567342245
0.11955977989 0.0015138838559372592
0.12056028014 0.0015225449923221572
0.12156078039 0.0015331667168552421
0.12256128064 0.0015410523736773601
0.12356178089 0.0015461252006518991
0.124562281141 0.0016356501674908654
0.125562781391 0.0016620838950104123
0.126563281641 0.0016609292701977479
0.127563781891 0.001663609929742036
0.128564282141 0.0016703147779549784
0.129564782391 0.0016735050349507969
0.130565282641 0.0016799832170776889
0.131565782891 0.0016796767306131218
0.132566283142 0.0016917057815658057
0.133566783392 0.0016929863498995686
0.134567283642 0.0017003427215395335
0.135567783892 0.0017095987842433193
0.136568284142 0.0017164735867969969
0.137568784392 0.001942472100975204
0.138569284642 0.0029268861750237707
0.139569784892 0.0029189168149840765
0.140570285143 0.0028179018421597628
0.141570785393 0.0028798731680141692
0.142571285643 0.002972132360864645
0.143571785893 0.003001220348079299
0.144572286143 0.0029408598175515847
0.145572786393 0.002923352623139832
0.146573286643 0.002921803420008102
0.147573786893 0.002945719605094106
0.148574287144 0.00297625651100989
0.149574787394 0.0030102431703621364
0.150575287644 0.003049583273089123
0.151575787894 0.0030710151549264604
0.152576288144 0.0030964086730803373
0.153576788394 0.003091760096813858
0.154577288644 0.0030850678364086003
0.155577788894 0.003295778073226015
0.156578289145 0.0033961695428439474
0.157578789395 0.0033882529945015345
0.158579289645 0.003474906645707593
0.159579789895 0.0034978023429058014
0.160580290145 0.003602495746915248
0.161580790395 0.0034680791009793167
0.162581290645 0.003401655689223484
0.163581790895 0.003357772268168442
0.164582291146 0.0033258293415535586
0.165582791396 0.0033143706661619044
0.166583291646 0.003308789027096684
0.167583791896 0.0033115532972743133
0.168584292146 0.003324215557931891
0.169584792396 0.0033283897239878364
0.170585292646 0.0033069049188280634
0.171585792896 0.0033024907202895398
0.172586293147 0.003312770262674402
0.173586793397 0.0033332827892508373
0.174587293647 0.003352517535933973
0.175587793897 0.003373134632411946
0.176588294147 0.003368764259427846
0.177588794397 0.0033612714503530117
0.178589294647 0.0033580659156970836
0.179589794897 0.0033678375220125263
0.180590295148 0.0033685586871654545
0.181590795398 0.003371933129941234
0.182591295648 0.0033578875568131793
0.183591795898 0.0034154021785242016
0.184592296148 0.0034433431144434666
0.185592796398 0.0034924336317753144
0.186593296648 0.003493432763028179
0.187593796898 0.0035047032693919225
0.188594297149 0.0035139579592125465
0.189594797399 0.003505618425784321
0.190595297649 0.0035877045104774886
0.191595797899 0.0036030504215418006
0.192596298149 0.003646056370700701
0.193596798399 0.003854827649044411
0.194597298649 0.00409789933161857
0.195597798899 0.008033215811189362
0.19659829915 0.008622663534882892
0.1975987994 0.007522371011701628
0.19859929965 0.006707351475864548
0.1995997999 0.006675188005627683
0.20060030015 0.00673665539851395
0.2016008004 0.00672206927141138
0.20260130065 0.006416649083563588
0.2036018009 0.006331307258278286
0.204602301151 0.006312476163302908
0.205602801401 0.0063807773030321166
0.206603301651 0.006780384509930815
0.207603801901 0.007841885922784857
0.208604302151 0.007016746897934722
0.209604802401 0.006989886159474612
0.210605302651 0.0069821909295708084
0.211605802901 0.007045588804294517
0.212606303152 0.006995568457054046
0.213606803402 0.006845856877106598
0.214607303652 0.006886450385598455
0.215607803902 0.006929744872820163
0.216608304152 0.006984757636965835
0.217608804402 0.0070452436523402015
0.218609304652 0.007017928949155284
0.219609804902 0.00696055040275537
0.220610305153 0.006880654436447562
0.221610805403 0.0068480641012444695
0.222611305653 0.0068671330093227
0.223611805903 0.0069542671862282
0.224612306153 0.007097726589242311
0.225612806403 0.007248396680861765
0.226613306653 0.007335211491712442
0.227613806903 0.00742704063931808
0.228614307154 0.007533076635703773
0.229614807404 0.007559757142547396
0.230615307654 0.007509721424322443
0.231615807904 0.007460254575217648
0.232616308154 0.007385196735881439
0.233616808404 0.00731510990136378
0.234617308654 0.007291205988231973
0.235617808904 0.007255175541831151
0.236618309155 0.007211239407622662
0.237618809405 0.007213768685298136
0.238619309655 0.007214156021335008
0.239619809905 0.007224171770789377
0.240620310155 0.00724396817124421
0.241620810405 0.00726886505891313
0.242621310655 0.007303712092514677
0.243621810905 0.007338911308971789
0.244622311156 0.007354235461068433
0.245622811406 0.00729572054643366
0.246623311656 0.007253857410514263
0.247623811906 0.007216014091713608
0.248624312156 0.007215976929907948
0.249624812406 0.0071929273924912634
0.250625312656 0.007184327933536766
0.251625812906 0.007152421169647109
0.252626313157 0.007145607165410853
0.253626813407 0.007147171593423192
0.254627313657 0.007137523305200643
0.255627813907 0.007125354670383418
0.256628314157 0.007098013284240008
0.257628814407 0.007084213825657767
0.258629314657 0.0070802571073706
0.259629814907 0.0070783584656050795
0.260630315158 0.0070770128868581075
0.261630815408 0.007083471244214686
0.262631315658 0.007096082388316427
0.263631815908 0.007113433073261742
0.264632316158 0.00712426515131679
0.265632816408 0.007146458606596055
0.266633316658 0.007164061838867537
0.267633816908 0.007176148846791517
0.268634317159 0.007162373664354792
0.269634817409 0.007143317937817656
0.270635317659 0.007124676852550156
0.271635817909 0.007142195165544903
0.272636318159 0.0071842794204917786
0.273636818409 0.007222012777724505
0.274637318659 0.007362490538941394
0.275637818909 0.007299077399616615
0.27663831916 0.007332056985243083
0.27763881941 0.0072854576124027955
0.27863931966 0.007304412794859088
0.27963981991 0.0073260311635179876
0.28064032016 0.007376346167280679
0.28164082041 0.007403355756077156
0.28264132066 0.0074090445863955546
0.28364182091 0.007416195417084214
0.284642321161 0.0074222697794959335
0.285642821411 0.007433951420208153
0.286643321661 0.007453276353871042
0.287643821911 0.007464970177853228
0.288644322161 0.0074966352094930095
0.289644822411 0.007528886557497682
0.290645322661 0.007555185832014488
0.291645822911 0.007572485814947017
0.292646323162 0.007590676721483556
0.293646823412 0.007607418947159409
0.294647323662 0.007624629747324658
0.295647823912 0.007643787169555498
0.296648324162 0.007663352763053403
0.297648824412 0.007687361345294452
0.298649324662 0.007660532751718879
0.299649824912 0.007708515799090393
0.300650325163 0.007728423596248677
0.301650825413 0.007800600089001098
0.302651325663 0.007933405530946219
0.303651825913 0.008412124695796807
0.304652326163 0.007953944117955136
0.305652826413 0.007980377868159817
0.306653326663 0.00800699020614948
0.307653826913 0.008045945022261152
0.308654327164 0.008085599409687508
0.309654827414 0.008137695989895971
0.310655327664 0.008226787042323963
0.311655827914 0.008330132812194403
0.312656328164 0.008479625466702442
0.313656828414 0.008375989621362049
0.314657328664 0.008420251580315419
0.315657828914 0.008462746537450857
0.316658329165 0.008517023938887426
0.317658829415 0.008574518231129293
0.318659329665 0.00861109123107992
0.319659829915 0.008741478047177963
0.320660330165 0.008822382975614535
0.321660830415 0.008801385124891653
0.322661330665 0.00878741189900842
0.323661830915 0.00878845788642645
0.324662331166 0.008959008874807906
0.325662831416 0.009157890090819529
0.326663331666 0.009096947736703857
0.327663831916 0.009173436859745846
0.328664332166 0.009419165734597999
0.329664832416 0.009481585086648552
0.330665332666 0.009334333698285485
0.331665832916 0.009229622848550932
0.332666333167 0.00921735998095166
0.333666833417 0.009189753079406431
0.334667333667 0.009169412639115103
0.335667833917 0.00915101295913677
0.336668334167 0.009163479972495947
0.337668834417 0.009177956184436174
0.338669334667 0.00923106587510714
0.339669834917 0.009282251931084451
0.340670335168 0.009331867201077797
0.341670835418 0.009507213135220325
0.342671335668 0.009408873432738172
0.343671835918 0.009356593422491226
0.344672336168 0.009323408176994678
0.345672836418 0.009293035942376692
0.346673336668 0.009268522537633918
0.347673836918 0.009306223629950715
0.348674337169 0.009404489909288277
0.349674837419 0.00950519994218294
0.350675337669 0.009666907063783483
0.351675837919 0.009782825251274005
0.352676338169 0.009589502412358817
0.353676838419 0.009649342449378921
0.354677338669 0.009747817101213916
0.355677838919 0.009858017838200929
0.35667833917 0.010123320603527969
0.35767883942 0.009896474119714444
0.35867933967 0.00989430180413171
0.35967983992 0.009886965665896062
0.36068034017 0.009932405944191576
0.36168084042 0.009933683956754636
0.36268134067 0.009953594038435253
0.36368184092 0.010012078596963049
0.364682341171 0.010051365811230537
0.365682841421 0.010086637998598425
0.366683341671 0.01005307243714396
0.367683841921 0.01007694854890396
0.368684342171 0.010067316940802833
0.369684842421 0.01009636130672735
0.370685342671 0.01013507361607672
0.371685842921 0.010164853804053794
0.372686343172 0.010166933384070374
0.373686843422 0.010196023310399344
0.374687343672 0.010197619288761152
0.375687843922 0.010188464646755937
0.376688344172 0.010191672966517686
0.377688844422 0.010201213059722538
0.378689344672 0.010211720275784989
0.379689844922 0.010232562764245227
0.380690345173 0.010263816078189136
0.381690845423 0.01028634631221669
0.382691345673 0.010304318081231325
0.383691845923 0.010336051924159685
0.384692346173 0.010366120328387957
0.385692846423 0.010590274186502881
0.386693346673 0.010864277189915261
0.387693846923 0.011160498081232666
0.388694347174 0.012084809995327196
0.389694847424 0.01155138067246454
0.390695347674 0.011454350785062354
0.391695847924 0.011596147700897681
0.392696348174 0.011805076550006429
0.393696848424 0.011739129439541786
0.394697348674 0.01174821135335093
0.395697848924 0.011750400890112693
0.396698349175 0.011807624140972126
0.397698849425 0.011828967732737946
0.398699349675 0.01181502860397272
0.399699849925 0.011809393879448479
0.400700350175 0.011853455449297074
0.401700850425 0.011904458508987342
0.402701350675 0.011933510827279217
0.403701850925 0.011980871117444619
0.404702351176 0.011991287121890374
0.405702851426 0.01193307470370731
0.406703351676 0.011985123172820366
0.407703851926 0.012088713140894968
0.408704352176 0.01200928885908038
0.409704852426 0.012015603037440342
0.410705352676 0.012044741722538924
0.411705852926 0.012075434074680747
0.412706353177 0.012121673080161141
0.413706853427 0.012088627434083172
0.414707353677 0.01210893445240727
0.415707853927 0.012170154937402436
0.416708354177 0.012218448676947491
0.417708854427 0.01229255948728841
0.418709354677 0.01235403718517868
0.419709854927 0.012438862439547754
0.420710355178 0.012537281105183316
0.421710855428 0.012739285097701728
0.422711355678 0.012696215243977425
0.423711855928 0.012650968597015377
0.424712356178 0.012745236092358416
0.425712856428 0.012863144778641979
0.426713356678 0.01269812680625062
0.427713856928 0.012705083979756174
0.428714357179 0.012712983570135028
0.429714857429 0.012718767498956998
0.430715357679 0.01271397300429085
0.431715857929 0.012720686661331512
0.432716358179 0.012748596037122993
0.433716858429 0.012773482821270306
0.434717358679 0.012794576062514156
0.435717858929 0.012823039515109137
0.43671835918 0.01285963560445949
0.43771885943 0.012880371270731694
0.43871935968 0.012920020205605134
0.43971985993 0.013009789140942677
0.44072036018 0.013064884737737573
0.44172086043 0.013258864219317094
0.44272136068 0.013666225190280197
0.44372186093 0.014028251369691226
0.444722361181 0.014446907074188876
0.445722861431 0.015151882757364923
0.446723361681 0.01577178952761272
0.447723861931 0.014990383013023478
0.448724362181 0.01487141553484915
0.449724862431 0.014930596679265875
0.450725362681 0.015025987421398029
0.451725862931 0.015124894511273659
0.452726363182 0.015236037286278653
0.453726863432 0.015377015048955915
0.454727363682 0.015731688919680215
0.455727863932 0.015621075489434564
0.456728364182 0.015576252843179768
0.457728864432 0.01599752406982622
0.458729364682 0.01628370182743827
0.459729864932 0.01657398774170271
0.460730365183 0.01766437287557414
0.461730865433 0.017570243740818434
0.462731365683 0.01693355606870435
0.463731865933 0.016807785897182646
0.464732366183 0.016621524509913905
0.465732866433 0.016527585629780732
0.466733366683 0.016448934451683717
0.467733866933 0.016380787912406707
0.468734367184 0.016343789834846776
0.469734867434 0.016324558168841596
0.470735367684 0.016328262615365793
0.471735867934 0.016315750111591892
0.472736368184 0.0163274577910068
0.473736868434 0.01635849250266004
0.474737368684 0.016386494328088988
0.475737868934 0.016411831172370887
0.476738369185 0.01643232274874018
0.477738869435 0.01646060852819487
0.478739369685 0.016507335235594493
0.479739869935 0.01658634555262217
0.480740370185 0.016661085446075665
0.481740870435 0.01671791336550659
0.482741370685 0.01674251941601237
0.483741870935 0.016736736729513587
0.484742371186 0.016708717848495976
0.485742871436 0.016702078271404124
0.486743371686 0.016721922496191113
0.487743871936 0.01675612090481194
0.488744372186 0.016813100482261596
0.489744872436 0.01688032970567867
0.490745372686 0.01698628343332301
0.491745872936 0.017666687213027492
0.492746373187 0.019704453261880604
0.493746873437 0.020954475520638546
0.494747373687 0.021946269722909494
0.495747873937 0.022856808824849965
0.496748374187 0.023842334946916042
0.497748874437 0.024422104448814957
0.498749374687 0.02425079437431603
0.499749874937 0.02427679134085997
0.500750375188 0.02454684390808622
0.501750875438 0.02486983463199799
0.502751375688 0.02515661201367264
0.503751875938 0.02558226320131684
0.504752376188 0.02602731843231866
0.505752876438 0.026484191042161563
0.506753376688 0.027036318768024058
0.507753876938 0.027261481495784702
0.508754377189 0.027399627331598845
0.509754877439 0.027516341585822154
0.510755377689 0.027434575602468637
0.511755877939 0.027415531597383407
0.512756378189 0.027266869313920666
0.513756878439 0.027255246891300232
0.514757378689 0.027283069502962345
0.515757878939 0.02725881321961802
0.51675837919 0.027145237598156857
0.51775887944 0.027196675849943855
0.51875937969 0.02741132937351766
0.51975987994 0.027644426551549278
0.52076038019 0.02805184566931047
0.52176088044 0.02903917037244079
0.52276138069 0.02857745820752458
0.52376188094 0.02821405186815358
0.524762381191 0.027760704240397616
0.525762881441 0.027315100794090746
0.526763381691 0.027076162639239874
0.527763881941 0.026918186420441456
0.528764382191 0.026912134434466124
0.529764882441 0.026867493298028223
0.530765382691 0.026940375408724664
0.531765882941 0.026948237488358066
0.532766383192 0.02699128121919617
0.533766883442 0.026999288170768375
0.534767383692 0.02700262886367302
0.535767883942 0.027045466710190022
0.536768384192 0.027111827554420948
0.537768884442 0.027220852189018284
0.538769384692 0.027376563685677487
0.539769884942 0.02757629109153488
0.540770385193 0.027702588083760065
0.541770885443 0.027679170730225824
0.542771385693 0.028181159853552726
0.543771885943 0.028009877705797902
0.544772386193 0.02764064195747107
0.545772886443 0.027631411818920305
0.546773386693 0.02760782667006684
0.547773886943 0.02763620736802482
0.548774387194 0.02784815192146558
0.549774887444 0.02777876575445519
0.550775387694 0.02768977101872085
0.551775887944 0.027707123606754397
0.552776388194 0.02791222541758235
0.553776888444 0.028179331724320543
0.554777388694 0.028482140190782636
0.555777888944 0.029286077042800326
0.556778389195 0.028802896753403
0.557778889445 0.029242268502572624
0.558779389695 0.029372551453775077
0.559779889945 0.03068215174365549
0.560780390195 0.02996704300443323
0.561780890445 0.02992641235339367
0.562781390695 0.03001113547763656
0.563781890945 0.030266663809481002
0.564782391196 0.030610762501838727
0.565782891446 0.03155764838826981
0.566783391696 0.032528295312331264
0.567783891946 0.03423126631206023
0.568784392196 0.03504012412314568
0.569784892446 0.03527564020448805
0.570785392696 0.03520031857902287
0.571785892946 0.0347248216701768
0.572786393197 0.033869404881337474
0.573786893447 0.03341024204209235
0.574787393697 0.033211802610075565
0.575787893947 0.03337781620904611
0.576788394197 0.03369038666542867
0.577788894447 0.03396804048901596
0.578789394697 0.034166262773737764
0.579789894947 0.03402132891160378
0.580790395198 0.03403480472951169
0.581790895448 0.034417853891045104
0.582791395698 0.03438608715694377
0.583791895948 0.03468040925427177
0.584792396198 0.035043830221313015
0.585792896448 0.03529448126343318
0.586793396698 0.03603449088886462
0.587793896948 0.03672575494136438
0.588794397199 0.03663896019144544
0.589794897449 0.037196453702080017
0.590795397699 0.03882440518974714
0.591795897949 0.038032840376133165
0.592796398199 0.03831695391502273
0.593796898449 0.039925195244962915
0.594797398699 0.03941693705290375
0.595797898949 0.03958552101693263
0.5967983992 0.03942542641314587
0.59779889945 0.03945474202745194
0.5987993997 0.03984556591448495
0.59979989995 0.040695637385176446
0.6008004002 0.03989661719842501
0.60180090045 0.044943772659462415
0.6028014007 0.05019665353787503
0.60380190095 0.05479886972754727
0.604802401201 0.058886034637585884
0.605802901451 0.06020489115495804
0.606803401701 0.06318756871514572
0.607803901951 0.06180679036163597
0.608804402201 0.05953586203023231
0.609804902451 0.05731547489011998
0.610805402701 0.05716050915896731
0.611805902951 0.05696729939048233
0.612806403202 0.05698824041386186
0.613806903452 0.057729893447977916
0.614807403702 0.058335201782195895
0.615807903952 0.059056934677230104
0.616808404202 0.05968973834914064
0.617808904452 0.06035106340188286
0.618809404702 0.061043648562916594
0.619809904952 0.06328156651838396
0.620810405203 0.06790503294585956
0.621810905453 0.0666146401781866
0.622811405703 0.06482084928535194
0.623811905953 0.06172949933509912
0.624812406203 0.06101207940731203
0.625812906453 0.05950636728084246
0.626813406703 0.058657024585239866
0.627813906953 0.05861617640320709
0.628814407204 0.05847613454466335
0.629814907454 0.05844384947836514
0.630815407704 0.05856927175516249
0.631815907954 0.06025819400773888
0.632816408204 0.058764248765068666
0.633816908454 0.05856230267431366
0.634817408704 0.057370274376171544
0.635817908954 0.05703276316541496
0.636818409205 0.05690185996928078
0.637818909455 0.056543449679942494
0.638819409705 0.05607896455388092
0.639819909955 0.055906749756862315
0.640820410205 0.05590359679195234
0.641820910455 0.055914065931354506
0.642821410705 0.05594879069173729
0.643821910955 0.056026980148845114
0.644822411206 0.05610734356393765
0.645822911456 0.05619570642129309
0.646823411706 0.05626472196083075
0.647823911956 0.05681966439256281
0.648824412206 0.05835779866521991
0.649824912456 0.05918166221735789
0.650825412706 0.05975609237611835
0.651825912956 0.06070302961636561
0.652826413207 0.061497518985599464
0.653826913457 0.06178222174236292
0.654827413707 0.061282837637974374
0.655827913957 0.061338192090306234
0.656828414207 0.06123027807954247
0.657828914457 0.06136557756342414
0.658829414707 0.06167005464332731
0.659829914957 0.06233001162256245
0.660830415208 0.06293705053966048
0.661830915458 0.06348818736705988
0.662831415708 0.0645879778961429
0.663831915958 0.06501966885940529
0.664832416208 0.06460367929667914
0.665832916458 0.06474194073826606
0.666833416708 0.06503167895120832
0.667833916958 0.06565758025076578
0.668834417209 0.06625362004805774
0.669834917459 0.06635647025765211
0.670835417709 0.0661242030463233
0.671835917959 0.06681041966180708
0.672836418209 0.06814164350306645
0.673836918459 0.0697074808046764
0.674837418709 0.06982394906215249
0.675837918959 0.0695847096302988
0.67683841921 0.07068352953176481
0.67783891946 0.07224104860843433
0.67883941971 0.0739356496096343
0.67983991996 0.07660654678912943
0.68084042021 0.07690403094063347
0.68184092046 0.08053590162548153
0.68284142071 0.08398068392861964
0.68384192096 0.08783854908098755
0.684842421211 0.09180014437474021
0.685842921461 0.10201108501738004
0.686843421711 0.10276601684572614
0.687843921961 0.09780096744745201
0.688844422211 0.09136664326312974
0.689844922461 0.08718146580006289
0.690845422711 0.08544958484968608
0.691845922961 0.08410818549943372
0.692846423212 0.08447062438520661
0.693846923462 0.0840806959178722
0.694847423712 0.08381496896372621
0.695847923962 0.08342805312653705
0.696848424212 0.08291221980787213
0.697848924462 0.08263732169616796
0.698849424712 0.08208461608144893
0.699849924962 0.08183967472172927
0.700850425213 0.08286099400341351
0.701850925463 0.08185619266180211
0.702851425713 0.08206851127717002
0.703851925963 0.08186350405759454
0.704852426213 0.08098733218792734
0.705852926463 0.08062341786811088
0.706853426713 0.08101126465499714
0.707853926963 0.08097252923627399
0.708854427214 0.08145894602539931
0.709854927464 0.08175973182197424
0.710855427714 0.0816928392229066
0.711855927964 0.08209635170853942
0.712856428214 0.08277252252887406
0.713856928464 0.08463452276529147
0.714857428714 0.08370751340696903
0.715857928964 0.08446172125687687
0.716858429215 0.08294844271957102
0.717858929465 0.08283885759108987
0.718859429715 0.08260879693340156
0.719859929965 0.082388265313331
0.720860430215 0.08198186393143901
0.721860930465 0.08210955016708664
0.722861430715 0.08189045591170879
0.723861930965 0.08184169945930773
0.724862431216 0.08161431876410799
0.725862931466 0.08178892810599686
0.726863431716 0.08194321508405084
0.727863931966 0.08224606353216232
0.728864432216 0.08259537096591474
0.729864932466 0.08287850648155445
0.730865432716 0.08309135674798047
0.731865932966 0.08311108949070597
0.732866433217 0.08323553617595338
0.733866933467 0.08344559866266442
0.734867433717 0.08393966489752011
0.735867933967 0.08423410493107182
0.736868434217 0.08469119986157193
0.737868934467 0.08530882111607399
0.738869434717 0.0860003907066094
0.739869934967 0.08649829450725244
0.740870435218 0.08739027518676484
0.741870935468 0.0874919716696053
0.742871435718 0.08773927411739676
0.743871935968 0.08941749146574848
0.744872436218 0.09113243659403333
0.745872936468 0.09033317596444249
0.746873436718 0.09514081122076525
0.747873936968 0.09819035152221273
0.748874437219 0.09938503862502457
0.749874937469 0.09897885209466967
0.750875437719 0.10026434899324861
0.751875937969 0.101122308693301
0.752876438219 0.10149869116444427
0.753876938469 0.10384956812726336
0.754877438719 0.10329980143153188
0.755877938969 0.10276545592970772
0.75687843922 0.10255043269251728
0.75787893947 0.10253778086128892
0.75887943972 0.10222529817494605
0.75987993997 0.10177148618023557
0.76088044022 0.10145794165673039
0.76188094047 0.10185225076601052
0.76288144072 0.10225266298713555
0.76388194097 0.10404286139774561
0.764882441221 0.10554867120396283
0.765882941471 0.10513157126700556
0.766883441721 0.1061367257122821
0.767883941971 0.1068227336965489
0.768884442221 0.11005819558723182
0.769884942471 0.1098768312694926
0.770885442721 0.12336848809729486
0.771885942971 0.11617409090507934
0.772886443222 0.12001505097719731
0.773886943472 0.12103826746788432
0.774887443722 0.10756551649456274
0.775887943972 0.10750722550576865
0.776888444222 0.10827263613177077
0.777888944472 0.09831262108548126
0.778889444722 0.09492495297109839
0.779889944972 0.09382709663254436
0.780890445223 0.09385768171254255
0.781890945473 0.09428552768445769
0.782891445723 0.09227914528309773
0.783891945973 0.09143608141332933
0.784892446223 0.09189527857883548
0.785892946473 0.08788520947410827
0.786893446723 0.08588489284161
0.787893946973 0.08547019273534533
0.788894447224 0.08538662126066926
0.789894947474 0.08533121422111288
0.790895447724 0.08545105491903263
0.791895947974 0.0865841102687698
0.792896448224 0.08605374607510291
0.793896948474 0.08597836705856116
0.794897448724 0.08564679355355664
0.795897948974 0.08596630414145201
0.796898449225 0.08627553967470904
0.797898949475 0.08761382780746386
0.798899449725 0.08950911428204962
0.799899949975 0.08788964133524177
0.800900450225 0.08796123033720875
0.801900950475 0.08728138656690804
0.802901450725 0.08628101581947825
0.803901950975 0.08599377899334198
0.804902451226 0.08604208620595742
0.805902951476 0.08646414598480835
0.806903451726 0.08689589206559148
0.807903951976 0.08667476012940442
0.808904452226 0.0871538595883586
0.809904952476 0.08755706509801547
0.810905452726 0.09114460324529877
0.811905952976 0.08986154054373353
0.812906453227 0.08891264171829949
0.813906953477 0.08699704715837252
0.814907453727 0.0846812639796478
0.815907953977 0.08331615792195524
0.816908454227 0.08272040902120248
0.817908954477 0.08136530233868135
0.818909454727 0.08082183614738998
0.819909954977 0.08094549990903036
0.820910455228 0.08096307719939755
0.821910955478 0.08060544244868101
0.822911455728 0.08087615397898415
0.823911955978 0.08095721813672307
0.824912456228 0.08237547761454941
0.825912956478 0.07967295001854947
0.826913456728 0.07910392234367854
0.827913956978 0.07870016388201037
0.828914457229 0.07845302368846728
0.829914957479 0.07819480679845783
0.830915457729 0.07804548886120366
0.831915957979 0.07767661253840658
0.832916458229 0.07703984871015566
0.833916958479 0.0771175611945529
0.834917458729 0.07679137553113685
0.835917958979 0.07711765652993696
0.83691845923 0.07885863230432025
0.83791895948 0.07430903905113882
0.83891945973 0.07205406559775662
0.83991995998 0.07243985843682056
0.84092046023 0.0721341719437494
0.84192096048 0.07218395050241383
0.84292146073 0.07263328724069837
0.84392196098 0.07305215019108756
0.844922461231 0.0732451344550676
0.845922961481 0.07332286578190018
0.846923461731 0.07339315195209
0.847923961981 0.0735979061478678
0.848924462231 0.0737681893032098
0.849924962481 0.0740305461497018
0.850925462731 0.07438920718640019
0.851925962981 0.07472993091404398
0.852926463232 0.07535697489186063
0.853926963482 0.07551556511995659
0.854927463732 0.07588303235068992
0.855927963982 0.0765166802695279
0.856928464232 0.07714158549808668
0.857928964482 0.0776305278310716
0.858929464732 0.07821043916662754
0.859929964982 0.07942976200656018
0.860930465233 0.08144120375042509
0.861930965483 0.08324348700208854
0.862931465733 0.08760050529853511
0.863931965983 0.07909707030950328
0.864932466233 0.07962952601035506
0.865932966483 0.07969688568859078
0.866933466733 0.08143864121775282
0.867933966983 0.08102797887137793
0.868934467234 0.07742078894901107
0.869934967484 0.07768967013821557
0.870935467734 0.0787846427021752
0.871935967984 0.08037072414245193
0.872936468234 0.08383645296115058
0.873936968484 0.08738916502561536
0.874937468734 0.09385951821749382
0.875937968984 0.09095218290254209
0.876938469235 0.0766429889831704
0.877938969485 0.07402491496740655
0.878939469735 0.07299533896872396
0.879939969985 0.07271916602477352
0.880940470235 0.07275677106676767
0.881940970485 0.07282454179997983
0.882941470735 0.0730229160632975
0.883941970985 0.0736351221026941
0.884942471236 0.07397556756323895
0.885942971486 0.07459705174501978
0.886943471736 0.07551381878434366
0.887943971986 0.07650821644425891
0.888944472236 0.07800155997727573
0.889944972486 0.07895799863940392
0.890945472736 0.08174138584116232
0.891945972986 0.08505524985149912
0.892946473237 0.08791133934449123
0.893946973487 0.09134796486892985
0.894947473737 0.09468667205799523
0.895947973987 0.09740876562740579
0.896948474237 0.10232978782899918
0.897948974487 0.111257018107416
0.898949474737 0.12497469748294318
0.899949974987 0.1270904251381752
0.900950475238 0.11675947476352072
0.901950975488 0.11260896666614248
0.902951475738 0.11217988577858151
0.903951975988 0.10946830886878596
0.904952476238 0.10943521136200555
0.905952976488 0.10921518504337095
0.906953476738 0.1100881579408923
0.907953976988 0.1113498332898403
0.908954477239 0.11314583883114332
0.909954977489 0.10807820209447577
0.910955477739 0.10713719551140974
0.911955977989 0.10628162874262173
0.912956478239 0.10543795787221757
0.913956978489 0.1042248187621803
0.914957478739 0.1036251745736292
0.915957978989 0.10461940418074753
0.91695847924 0.1197444406207511
0.91795897949 0.12316268074642062
0.91895947974 0.1318312988523047
0.91995997999 0.15135116793362435
0.92096048024 0.17325774044880984
0.92196098049 0.1812869368309966
0.92296148074 0.1908270253981261
0.92396198099 0.13135108830210065
0.924962481241 0.1261324352510273
0.925962981491 0.11907170746450987
0.926963481741 0.11549442813458578
0.927963981991 0.11438501937420535
0.928964482241 0.11554913287693006
0.929964982491 0.1212885116833999
0.930965482741 0.09961872281648704
0.931965982991 0.09761592430319822
0.932966483242 0.09651561195619714
0.933966983492 0.09598310547898933
0.934967483742 0.09462589329214229
0.935967983992 0.09358753127510029
0.936968484242 0.08970895091027765
0.937968984492 0.08934430025193214
0.938969484742 0.08893901416592812
0.939969984992 0.08867107724110403
0.940970485243 0.0888666195477834
0.941970985493 0.0882975531328395
0.942971485743 0.0880471755884288
0.943971985993 0.08781447259819765
0.944972486243 0.08765334380727134
0.945972986493 0.08719250311753639
0.946973486743 0.0870555608026614
0.947973986993 0.0867605591986952
0.948974487244 0.08637169121235949
0.949974987494 0.08608776728878345
0.950975487744 0.08583752695652638
0.951975987994 0.08548064416930441
0.952976488244 0.08510667939421497
0.953976988494 0.08473273492199818
0.954977488744 0.08438845865350719
0.955977988994 0.08397017269790782
0.956978489245 0.08408312988518012
0.957978989495 0.08390252215895315
0.958979489745 0.08403875694763516
0.959979989995 0.08399677308336145
0.960980490245 0.08389894734134487
0.961980990495 0.08312929375941326
0.962981490745 0.08589468777044644
0.963981990995 0.0924824127895215
0.964982491246 0.0942752329274747
0.965982991496 0.0952137318916803
0.966983491746 0.09706531526856624
0.967983991996 0.0997498803099948
0.968984492246 0.10559372082875805
0.969984992496 0.10469833276925891
0.970985492746 0.10696417269408146
0.971985992996 0.10451068461892105
0.972986493247 0.10580744347665855
0.973986993497 0.10438738241227918
0.974987493747 0.10895679572198479
0.975987993997 0.10679758704845735
0.976988494247 0.09813459660244238
0.977988994497 0.09648973641284275
0.978989494747 0.09204151401307004
0.979989994997 0.09212552938637755
0.980990495248 0.09165385231363105
0.981990995498 0.09146158902626937
0.982991495748 0.09198766941027875
0.983991995998 0.09237952819948517
0.984992496248 0.09253688052573125
0.985992996498 0.09307477258636633
0.986993496748 0.09392251676401182
0.987993996998 0.09422787702154285
0.988994497249 0.09472828085423408
0.989994997499 0.09581337037148935
0.990995497749 0.09781891412323324
0.991995997999 0.09994385005526589
0.992996498249 0.10242962743121045
0.993996998499 0.10814227744375195
0.994997498749 0.09981059053217156
0.995997999 0.09833828824263796
0.99699849925 0.09875998353214299
0.9979989995 0.09899953897039855
0.99899949975 0.09919837721086017
1.0 0.08888316112695821
