-1.0 0.8272096353959879
-0.99899949975 0.8269771545618426
-0.9979989995 0.8309061442508925
-0.99699849925 0.8477615950753692
-0.995997999 0.8444248045083808
-0.994997498749 0.8430948389982028
-0.993996998499 0.8416061613836604
-0.992996498249 0.8597503644698384
-0.991995997999 0.9010274474091028
-0.990995497749 0.8545210561157712
-0.989994997499 0.8474342478070133
-0.988994497249 0.861274077628551
-0.987993996998 0.8464349231300375
-0.986993496748 0.8334214831068403
-0.985992996498 0.8357196070760566
-0.984992496248 0.8290508524878732
-0.983991995998 0.8336853312224118
-0.982991495748 0.7909397306784763
-0.981990995498 0.7869631221250789
-0.980990495248 0.7852044736061041
-0.979989994997 0.794259670060707
-0.978989494747 0.7822147575600698
-0.977988994497 0.7672575597441632
-0.976988494247 0.7621837111370492
-0.975987993997 0.7558524469086099
-0.974987493747 0.753060496664534
-0.973986993497 0.7480373197258682
-0.972986493247 0.8901957200542135
-0.971985992996 0.9675032535143702
-0.970985492746 0.9487558951262677
-0.969984992496 0.9541862591304145
-0.968984492246 0.9410976023790912
-0.967983991996 1.0419424479256076
-0.966983491746 1.018796562677983
-0.965982991496 0.9986892615390095
-0.964982491246 0.9500744286126225
-0.963981990995 0.9476376115278919
-0.962981490745 0.9492087263759132
-0.961980990495 0.9545363151879069
-0.960980490245 0.9613255839611401
-0.959979989995 0.9721536980821281
-0.958979489745 0.9662578789445676
-0.957978989495 0.9758642905110246
-0.956978489245 0.9802348952983884
-0.955977988994 1.0050900205038782
-0.954977488744 0.9761271026213217
-0.953976988494 0.9925473634810719
-0.952976488244 0.9872856242921194
-0.951975987994 1.0030154806970075
-0.950975487744 0.9859452260577668
-0.949974987494 0.9682132976274408
-0.948974487244 0.9511274148428793
-0.947973986993 0.9407746296145544
-0.946973486743 0.924527179785709
-0.945972986493 0.9124407829468903
-0.944972486243 0.899218464998605
-0.943971985993 0.8882366608554428
-0.942971485743 0.8842270701138761
-0.941970985493 0.8766001143178082
-0.940970485243 0.8645213889797074
-0.939969984992 0.8519455729146541
-0.938969484742 0.8437380158389908
-0.937968984492 0.8360996856420551
-0.936968484242 0.830700022123489
-0.935967983992 0.8308510858776986
-0.934967483742 0.8389049507447676
-0.933966983492 0.8298638003978779
-0.932966483242 0.8438899980462277
-0.931965982991 0.9466048003172187
-0.930965482741 0.9052083454448258
-0.929964982491 0.8948259128438604
-0.928964482241 0.8898594980679408
-0.927963981991 0.8725421126437527
-0.926963481741 0.8584510566105324
-0.925962981491 0.8524613661258269
-0.924962481241 0.8429767799417884
-0.92396198099 0.8376272219381163
-0.92296148074 0.8321687842912089
-0.92196098049 0.8311361172218651
-0.92096048024 0.8321391092303391
-0.91995997999 0.8350952134254688
-0.91895947974 0.8390075295667734
-0.91795897949 0.8746272096446328
-0.91695847924 0.877497953656165
-0.915957978989 0.8778065169164945
-0.914957478739 0.8863312279953321
-0.913956978489 0.9050432252271335
-0.912956478239 0.9036108841563202
-0.911955977989 0.9093430810144936
-0.910955477739 0.9136392919293834
-0.909954977489 0.99170372351874
-0.908954477239 0.8231099114908965
-0.907953976988 0.7901296437731404
-0.906953476738 0.7860961014868634
-0.905952976488 0.7754019143692966
-0.904952476238 0.7699508605950697
-0.903951975988 0.7623010089251644
-0.902951475738 0.7585346154708785
-0.901950975488 0.7504610758610791
-0.900950475238 0.7612786091096637
-0.899949974987 0.7893375691008929
-0.898949474737 0.7715152631658423
-0.897948974487 0.7790968438958321
-0.896948474237 0.7843832522323331
-0.895947973987 0.7857585321837266
-0.894947473737 0.8300139982780332
-0.893946973487 0.8806172778832357
-0.892946473237 0.9519244057697224
-0.891945972986 0.934315974416296
-0.890945472736 0.944121074878906
-0.889944972486 0.9513805424332852
-0.888944472236 0.9430799328276483
-0.887943971986 0.9380248070777284
-0.886943471736 0.9447648760462236
-0.885942971486 0.9629251450510289
-0.884942471236 0.9761933684333651
-0.883941970985 1.017510437888238
-0.882941470735 1.0550759633148088
-0.881940970485 0.9966022147556711
-0.880940470235 1.0083215623249309
-0.879939969985 1.0305084806120168
-0.878939469735 1.0244734819684866
-0.877938969485 1.0274639884613133
-0.876938469235 1.0480745927392825
-0.875937968984 1.0170606417546313
-0.874937468734 1.0108712200674645
-0.873936968484 0.9991890707446266
-0.872936468234 1.035817312984585
-0.871935967984 1.0292848844768063
-0.870935467734 1.0198112257049283
-0.869934967484 1.0275894236368734
-0.868934467234 1.0678721065861407
-0.867933966983 1.086387960476588
-0.866933466733 1.0501970643086842
-0.865932966483 1.04474229158589
-0.864932466233 1.057811993663755
-0.863931965983 1.0810280642367693
-0.862931465733 1.1196576200329764
-0.861930965483 1.1533204155311534
-0.860930465233 1.2010258512657066
-0.859929964982 1.1098206639853914
-0.858929464732 1.0764494421432458
-0.857928964482 1.0436572498235797
-0.856928464232 1.1007883807344534
-0.855927963982 1.1115904251037751
-0.854927463732 1.0782441363998194
-0.853926963482 1.0529867639660575
-0.852926463232 1.0498962865397587
-0.851925962981 1.0449571945691
-0.850925462731 1.0361948582837266
-0.849924962481 1.0621443851159762
-0.848924462231 1.0685406163748874
-0.847923961981 0.9305699869736568
-0.846923461731 0.9019827271639037
-0.845922961481 0.8839092301849222
-0.844922461231 0.8789241930952212
-0.84392196098 0.8476698354102375
-0.84292146073 0.8329746093192487
-0.84192096048 0.8250514212590155
-0.84092046023 0.8136108080444646
-0.83991995998 0.8051717340897377
-0.83891945973 0.7912599785277449
-0.83791895948 0.7900683461643412
-0.83691845923 0.7857281743945683
-0.835917958979 0.7727430259788277
-0.834917458729 0.7749242611914826
-0.833916958479 0.7718110724920617
-0.832916458229 0.766378074382373
-0.831915957979 0.7585439745018216
-0.830915457729 0.753583658738682
-0.829914957479 0.7736053130257099
-0.828914457229 0.7726936300828267
-0.827913956978 0.7742748626481947
-0.826913456728 0.820586991061203
-0.825912956478 0.8255366038886004
-0.824912456228 0.8208474791121441
-0.823911955978 0.8413294130608386
-0.822911455728 0.8401356896342943
-0.821910955478 0.8376279453504715
-0.820910455228 0.8377018996742067
-0.819909954977 0.8343443691447714
-0.818909454727 0.8460962220736487
-0.817908954477 0.8486617526193982
-0.816908454227 0.8140430901618825
-0.815907953977 0.8213217250565353
-0.814907453727 0.8095065444347215
-0.813906953477 0.8316978519974275
-0.812906453227 0.8310875813906954
-0.811905952976 0.8179021636608389
-0.810905452726 0.8160728821301992
-0.809904952476 0.8069157100856188
-0.808904452226 0.7996105432566699
-0.807903951976 0.8156707681556198
-0.806903451726 0.8607029702837066
-0.805902951476 0.8762546915694741
-0.804902451226 0.8566227159490264
-0.803901950975 0.8575389878494868
-0.802901450725 0.8589420144474071
-0.801900950475 0.8663134295972854
-0.800900450225 0.8871914828112456
-0.799899949975 0.857313253241342
-0.798899449725 0.8506183680422863
-0.797898949475 0.839655835520822
-0.796898449225 0.8344535652396647
-0.795897948974 0.8392306576494245
-0.794897448724 0.8357172579595974
-0.793896948474 0.829454750421323
-0.792896448224 0.8086622656379199
-0.791895947974 0.8062030882812942
-0.790895447724 0.8055340979645423
-0.789894947474 0.7750868655607823
-0.788894447224 0.7745990829012556
-0.787893946973 0.7746396317871808
-0.786893446723 0.7743240784891928
-0.785892946473 0.7781215464255712
-0.784892446223 0.7877795133196511
-0.783891945973 0.8053736300057918
-0.782891445723 0.8054850345272696
-0.781890945473 0.8155260685498678
-0.780890445223 0.7644077699266643
-0.779889944972 0.7685849870056358
-0.778889444722 0.7348281223118049
-0.777888944472 0.7186536799398838
-0.776888444222 0.7084046109701255
-0.775887943972 0.7054765959727384
-0.774887443722 0.7087202087908745
-0.773886943472 0.7145372857760559
-0.772886443222 0.7195267421266229
-0.771885942971 0.7188789441265879
-0.770885442721 0.718850199953132
-0.769884942471 0.7125995479678096
-0.768884442221 0.7136868922632348
-0.767883941971 0.7221954762588353
-0.766883441721 0.713549069291367
-0.765882941471 0.7592214076017032
-0.764882441221 0.7447407061592334
-0.76388194097 0.7791722437426388
-0.76288144072 0.7464670039457252
-0.76188094047 0.7486269148794129
-0.76088044022 0.7529130800649335
-0.75987993997 0.7563593196312974
-0.75887943972 0.7676129039926048
-0.75787893947 0.8018871208016644
-0.75687843922 0.7771667366178449
-0.755877938969 0.763580695043137
-0.754877438719 0.7560753565579398
-0.753876938469 0.7427984738528485
-0.752876438219 0.734107193422387
-0.751875937969 0.7325049885291608
-0.750875437719 0.7329331505829004
-0.749874937469 0.7311954619569134
-0.748874437219 0.730040371988677
-0.747873936968 0.7246145264044849
-0.746873436718 0.7204040649395292
-0.745872936468 0.7232630994204046
-0.744872436218 0.7239780994844223
-0.743871935968 0.726265423859378
-0.742871435718 0.7285230374824646
-0.741870935468 0.7655568663869677
-0.740870435218 0.8053814928106983
-0.739869934967 0.9309235024129207
-0.738869434717 0.9076513107384018
-0.737868934467 0.87985361460302
-0.736868434217 0.8610305025407363
-0.735867933967 0.8054346442004551
-0.734867433717 0.7982945127458091
-0.733866933467 0.7963364670407825
-0.732866433217 0.795695330927074
-0.731865932966 0.8003973459622991
-0.730865432716 0.7994148613548989
-0.729864932466 0.7824029414544841
-0.728864432216 0.7723323719318628
-0.727863931966 0.7673950316870737
-0.726863431716 0.7600433578077891
-0.725862931466 0.7533389796172121
-0.724862431216 0.7451530745734668
-0.723861930965 0.7438572179524878
-0.722861430715 0.7415381631841181
-0.721860930465 0.7393501508615943
-0.720860430215 0.7367522832469626
-0.719859929965 0.7347520328304847
-0.718859429715 0.7331727673388746
-0.717858929465 0.7306404146253584
-0.716858429215 0.7277774265758122
-0.715857928964 0.7258823107504818
-0.714857428714 0.7219128044157391
-0.713856928464 0.7175736790992171
-0.712856428214 0.7146516119597557
-0.711855927964 0.7116985828871927
-0.710855427714 0.7079838435548244
-0.709854927464 0.7047237221031712
-0.708854427214 0.7022155436437446
-0.707853926963 0.6970970845159683
-0.706853426713 0.6946408372577859
-0.705852926463 0.6911744611803824
-0.704852426213 0.6901823608639635
-0.703851925963 0.6844940693716627
-0.702851425713 0.674503858949517
-0.701850925463 0.669821933744917
-0.700850425213 0.6672027246041684
-0.699849924962 0.6661324599325135
-0.698849424712 0.6660171488086059
-0.697848924462 0.6653599057240773
-0.696848424212 0.6645375539423736
-0.695847923962 0.6649404971827655
-0.694847423712 0.6626484925350183
-0.693846923462 0.656387483433954
-0.692846423212 0.6567580950937764
-0.691845922961 0.6575768171362589
-0.690845422711 0.6562610209605202
-0.689844922461 0.6557667494477901
-0.688844422211 0.6478557778791025
-0.687843921961 0.6488555556552816
-0.686843421711 0.6514192727335407
-0.685842921461 0.6584956666941912
-0.684842421211 0.6577303044424037
-0.68384192096 0.6562457126103458
-0.68284142071 0.6525169742756194
-0.68184092046 0.6534650766506636
-0.68084042021 0.6629479733692412
-0.67983991996 0.684495894527351
-0.67883941971 0.6878403858903199
-0.67783891946 0.6977594946410728
-0.67683841921 0.6882087037977804
-0.675837918959 0.7161933353599614
-0.674837418709 0.7206490175194172
-0.673836918459 0.7308565316264379
-0.672836418209 0.7409208509173104
-0.671835917959 0.7273001692365879
-0.670835417709 0.7196041936718269
-0.669834917459 0.7582791961315317
-0.668834417209 0.7718380223885355
-0.667833916958 0.7959567861637922
-0.666833416708 0.8424440342925389
-0.665832916458 0.8460764878132293
-0.664832416208 0.8808406054696997
-0.663831915958 0.8998364082752347
-0.662831415708 0.8003296245506002
-0.661830915458 0.790365721061508
-0.660830415208 0.7884281755787118
-0.659829914957 0.7895771267663513
-0.658829414707 0.7896734204431697
-0.657828914457 0.7950573967841789
-0.656828414207 0.7323513628866737
-0.655827913957 0.7339024882522861
-0.654827413707 0.7357913608008599
-0.653826913457 0.7399133002288878
-0.652826413207 0.7401858489494395
-0.651825912956 0.7455153481230014
-0.650825412706 0.745281508328064
-0.649824912456 0.7485904052875136
-0.648824412206 0.7533039907613084
-0.647823911956 0.7537946323230087
-0.646823411706 0.7578700153989179
-0.645822911456 0.7607691981842278
-0.644822411206 0.7674071738460961
-0.643821910955 0.7736296077262078
-0.642821410705 0.7781675660059048
-0.641820910455 0.7827662005358668
-0.640820410205 0.7929977046902753
-0.639819909955 0.7979567282388713
-0.638819409705 0.8045715913489503
-0.637818909455 0.8134485715467913
-0.636818409205 0.8231237035822272
-0.635817908954 0.8243745828791182
-0.634817408704 0.8274506438129713
-0.633816908454 0.8307884807298361
-0.632816408204 0.8319641833681064
-0.631815907954 0.8403261308511153
-0.630815407704 0.8492180807262145
-0.629814907454 0.8590735634044123
-0.628814407204 0.8517542068780974
-0.627813906953 0.8571419603459232
-0.626813406703 0.8837362025601151
-0.625812906453 0.8657082999523764
-0.624812406203 0.8629222828621458
-0.623811905953 0.8671149177187815
-0.622811405703 0.873467913058271
-0.621810905453 0.8900991283097247
-0.620810405203 0.8904249974875196
-0.619809904952 0.8932172485290624
-0.618809404702 0.892497209560799
-0.617808904452 0.8926940598754611
-0.616808404202 0.8989068039004138
-0.615807903952 0.9076392665533515
-0.614807403702 0.9132693551880118
-0.613806903452 0.9259461994148128
-0.612806403202 0.9360336768519065
-0.611805902951 0.9458233400512982
-0.610805402701 0.9599399560588261
-0.609804902451 0.9749070700004953
-0.608804402201 0.9957443105062846
-0.607803901951 1.0121696010566312
-0.606803401701 1.0484173345695702
-0.605802901451 1.0343223323916744
-0.604802401201 1.0689305644834664
-0.60380190095 1.070312525587325
-0.6028014007 1.0615480755470783
-0.60180090045 1.0773126172501515
-0.6008004002 1.1025384158265643
-0.59979989995 1.123370621351564
-0.5987993997 1.1584788911185693
-0.59779889945 1.1206273301202516
-0.5967983992 1.0956792476726198
-0.595797898949 1.0807641766451495
-0.594797398699 1.0648394086882544
-0.593796898449 1.0587140738874075
-0.592796398199 1.056565423413146
-0.591795897949 1.0511157137596896
-0.590795397699 1.0498119235900212
-0.589794897449 1.049424722791168
-0.588794397199 1.0651229421195851
-0.587793896948 1.1146775944719154
-0.586793396698 1.113517782540323
-0.585792896448 1.0423352012588118
-0.584792396198 1.0248477421384345
-0.583791895948 1.0129026512893882
-0.582791395698 1.0149872726018996
-0.581790895448 1.0800589342349478
-0.580790395198 1.1051057549317835
-0.579789894947 0.9956912781378351
-0.578789394697 0.9812179427991483
-0.577788894447 0.9411537254015303
-0.576788394197 0.926429800049623
-0.575787893947 0.9113096782732968
-0.574787393697 0.9073593344953766
-0.573786893447 0.9039692371999003
-0.572786393197 0.8995880873026073
-0.571785892946 0.8949175131732342
-0.570785392696 0.8912930211876956
-0.569784892446 0.8876527290053928
-0.568784392196 0.8855634794526592
-0.567783891946 0.8833635292170767
-0.566783391696 0.8848163625643446
-0.565782891446 0.8825269259604768
-0.564782391196 0.8789889074416576
-0.563781890945 0.8755147910636205
-0.562781390695 0.8757718827866732
-0.561780890445 0.886409949305214
-0.560780390195 0.8669074639246424
-0.559779889945 0.8685860959856999
-0.558779389695 0.8684894262474866
-0.557778889445 0.8678060273398633
-0.556778389195 0.8582667183435752
-0.555777888944 0.8529479174160007
-0.554777388694 0.848577209890976
-0.553776888444 0.84033021436023
-0.552776388194 0.842813904982242
-0.551775887944 0.8376721874299601
-0.550775387694 0.8321699222510955
-0.549774887444 0.8245568294355548
-0.548774387194 0.8237742942957835
-0.547773886943 0.8161048494970494
-0.546773386693 0.8086384869439777
-0.545772886443 0.8042080559375555
-0.544772386193 0.8052074244294918
-0.543771885943 0.799584531143879
-0.542771385693 0.7855124079475333
-0.541770885443 0.7642975083472924
-0.540770385193 0.7565346603143819
-0.539769884942 0.7363542643909801
-0.538769384692 0.7319240770495585
-0.537768884442 0.7269875620339589
-0.536768384192 0.7215793069927704
-0.535767883942 0.7181165926667289
-0.534767383692 0.7155944465226494
-0.533766883442 0.7149861290539458
-0.532766383192 0.710399173874535
-0.531765882941 0.7074523409636335
-0.530765382691 0.7045991315481915
-0.529764882441 0.7013481431942723
-0.528764382191 0.6999476985479508
-0.527763881941 0.7001478057421415
-0.526763381691 0.6948639358950022
-0.525762881441 0.6893523020096571
-0.524762381191 0.6830436223611749
-0.52376188094 0.6788395460582827
-0.52276138069 0.6758773799414037
-0.52176088044 0.6713316770288726
-0.52076038019 0.6670412604855486
-0.51975987994 0.6655902243563298
-0.51875937969 0.6647728638015595
-0.51775887944 0.6630725262406018
-0.51675837919 0.6620781797794473
-0.515757878939 0.6613074353613841
-0.514757378689 0.6616204516054929
-0.513756878439 0.6626416197086821
-0.512756378189 0.6433696506771003
-0.511755877939 0.6427772160210523
-0.510755377689 0.639143304659128
-0.509754877439 0.6359440587205334
-0.508754377189 0.6353707066170111
-0.507753876938 0.634695435646405
-0.506753376688 0.6326695267449368
-0.505752876438 0.6372751276700072
-0.504752376188 0.6401836336826422
-0.503751875938 0.6418212616184586
-0.502751375688 0.6484633914876917
-0.501750875438 0.6507134875648618
-0.500750375188 0.6439934489919081
-0.499749874937 0.6277560905392423
-0.498749374687 0.6174763781783883
-0.497748874437 0.6134225130970127
-0.496748374187 0.6099971776812785
-0.495747873937 0.6101952337040889
-0.494747373687 0.6039777369387991
-0.493746873437 0.5984538393823848
-0.492746373187 0.594029601857145
-0.491745872936 0.5934963692088971
-0.490745372686 0.592975097360679
-0.489744872436 0.5904187913834006
-0.488744372186 0.5886205835671833
-0.487743871936 0.5877680245427219
-0.486743371686 0.5872061553079471
-0.485742871436 0.5871570879482888
-0.484742371186 0.5841123300993966
-0.483741870935 0.5823341030637749
-0.482741370685 0.5793502300502064
-0.481740870435 0.5797391329266721
-0.480740370185 0.5748440911806861
-0.479739869935 0.5700776044006327
-0.478739369685 0.567762197872421
-0.477738869435 0.5671423426606521
-0.476738369185 0.565481403601414
-0.475737868934 0.5695342387323256
-0.474737368684 0.5685172456711569
-0.473736868434 0.5649528660130859
-0.472736368184 0.5646007366493061
-0.471735867934 0.5638107492003501
-0.470735367684 0.5627081393434163
-0.469734867434 0.5623959779885761
-0.468734367184 0.5624856120663541
-0.467733866933 0.5619918248163175
-0.466733366683 0.5603586969664929
-0.465732866433 0.5600945762206618
-0.464732366183 0.5589205887850239
-0.463731865933 0.5570643733328647
-0.462731365683 0.5671781847692811
-0.461730865433 0.5726078553113058
-0.460730365183 0.5699076715223242
-0.459729864932 0.5692458649445513
-0.458729364682 0.5665661053893503
-0.457728864432 0.5669026157647822
-0.456728364182 0.5639487479621881
-0.455727863932 0.5641045772412999
-0.454727363682 0.5636214207083553
-0.453726863432 0.5654385121301742
-0.452726363182 0.577615576154477
-0.451725862931 0.6286966897289947
-0.450725362681 0.6332665297888058
-0.449724862431 0.6463557351214311
-0.448724362181 0.6475266278100745
-0.447723861931 0.7638646676929209
-0.446723361681 0.7959585835749715
-0.445722861431 0.7943076059931585
-0.444722361181 0.8090619239566554
-0.44372186093 0.8059895407921859
-0.44272136068 0.8172108624724044
-0.44172086043 0.8162152218482219
-0.44072036018 0.810499624817026
-0.43971985993 0.8160510051247178
-0.43871935968 0.8263461508081775
-0.43771885943 0.8520594430373325
-0.43671835918 0.846141255352685
-0.435717858929 0.8667296646679712
-0.434717358679 0.8474853312645579
-0.433716858429 0.8383913536033742
-0.432716358179 0.8362814848714502
-0.431715857929 0.8400457086139338
-0.430715357679 0.8577285400290212
-0.429714857429 0.9319718325189699
-0.428714357179 0.8676970386178793
-0.427713856928 0.859878300215614
-0.426713356678 0.8601946652896193
-0.425712856428 0.8941457376703305
-0.424712356178 0.8791732432834802
-0.423711855928 0.8551329150623317
-0.422711355678 0.8478836050161501
-0.421710855428 0.8288849402024303
-0.420710355178 0.8043181683515672
-0.419709854927 0.7834468864189791
-0.418709354677 0.7590256809652329
-0.417708854427 0.7417244955925151
-0.416708354177 0.7220088293379652
-0.415707853927 0.6979914664692908
-0.414707353677 0.6578042543477179
-0.413706853427 0.635341910298268
-0.412706353177 0.6203441634202672
-0.411705852926 0.6053911737501664
-0.410705352676 0.593224046880206
-0.409704852426 0.584018706264771
-0.408704352176 0.5727489309675939
-0.407703851926 0.5645794736285484
-0.406703351676 0.5559666495117722
-0.405702851426 0.5479906940195425
-0.404702351176 0.5420369939595162
-0.403701850925 0.5351935484395587
-0.402701350675 0.5294121267582526
-0.401700850425 0.5238902760613876
-0.400700350175 0.51827899301591
-0.399699849925 0.513071927647446
-0.398699349675 0.5069127605269588
-0.397698849425 0.5035266469765435
-0.396698349175 0.49992935681205186
-0.395697848924 0.4954848589692819
-0.394697348674 0.4887645144054934
-0.393696848424 0.48303003794750893
-0.392696348174 0.4808907338439599
-0.391695847924 0.47170421771346205
-0.390695347674 0.4650685888816855
-0.389694847424 0.45914230441899506
-0.388694347174 0.45497731751581727
-0.387693846923 0.4493679064144972
-0.386693346673 0.4447717263151174
-0.385692846423 0.4396215729665947
-0.384692346173 0.43390798100860034
-0.383691845923 0.4294310764163347
-0.382691345673 0.4250451066999291
-0.381690845423 0.4199154845331532
-0.380690345173 0.41597603179492937
-0.379689844922 0.41235852836213815
-0.378689344672 0.4078382107057105
-0.377688844422 0.4037927094437508
-0.376688344172 0.3998882293435008
-0.375687843922 0.39674285536508763
-0.374687343672 0.3938207959615683
-0.373686843422 0.39037460675697877
-0.372686343172 0.3869305072091092
-0.371685842921 0.38334543497017265
-0.370685342671 0.38058753427134806
-0.369684842421 0.3774245920281294
-0.368684342171 0.37460245760400024
-0.367683841921 0.37206941395276066
-0.366683341671 0.3698930789549497
-0.365682841421 0.3669322298388881
-0.364682341171 0.3641866680311101
-0.36368184092 0.361301618515322
-0.36268134067 0.35865563226310065
-0.36168084042 0.3562059619900743
-0.36068034017 0.3543641488798123
-0.35967983992 0.35178030541249816
-0.35867933967 0.34890694760456387
-0.35767883942 0.34597532997748887
-0.35667833917 0.3430714297328312
-0.355677838919 0.3407704138679469
-0.354677338669 0.33819614362304684
-0.353676838419 0.3357833494978192
-0.352676338169 0.3335818291421934
-0.351675837919 0.33227323125085895
-0.350675337669 0.33017147568666855
-0.349674837419 0.3283150174120856
-0.348674337169 0.32305081918188727
-0.347673836918 0.31898706090582857
-0.346673336668 0.3159073261642216
-0.345672836418 0.31296143401283943
-0.344672336168 0.3095594684688203
-0.343671835918 0.30725313970455154
-0.342671335668 0.3047946163352733
-0.341670835418 0.3017564499038157
-0.340670335168 0.2996602269974004
-0.339669834917 0.29734951884770083
-0.338669334667 0.2960966492165813
-0.337668834417 0.29377609913140906
-0.336668334167 0.2915877392592087
-0.335667833917 0.29001071525856914
-0.334667333667 0.28812011120252173
-0.333666833417 0.2860641065253589
-0.332666333167 0.28458218534564556
-0.331665832916 0.28264546679532054
-0.330665332666 0.2812198582627709
-0.329664832416 0.2798498579045338
-0.328664332166 0.2798306404983414
-0.327663831916 0.27838205267317684
-0.326663331666 0.2772502971585761
-0.325662831416 0.2757499121362184
-0.324662331166 0.2740723086177581
-0.323661830915 0.27499478315496323
-0.322661330665 0.27834570011090204
-0.321660830415 0.2751675903767265
-0.320660330165 0.2786610964728911
-0.319659829915 0.26956130881268975
-0.318659329665 0.2567145571833417
-0.317658829415 0.2561435572902236
-0.316658329165 0.2519728740342624
-0.315657828914 0.24963728068901817
-0.314657328664 0.24792855634251376
-0.313656828414 0.24518503786902943
-0.312656328164 0.24356876610837377
-0.311655827914 0.24260647396775867
-0.310655327664 0.24165415190297707
-0.309654827414 0.23606075255094294
-0.308654327164 0.23385456181961561
-0.307653826913 0.23335630860625448
-0.306653326663 0.23310907788486093
-0.305652826413 0.23141164986630408
-0.304652326163 0.22973003677389894
-0.303651825913 0.2280831785580201
-0.302651325663 0.22460346716428334
-0.301650825413 0.22290973420460353
-0.300650325163 0.2223610781645503
-0.299649824912 0.22125971959056562
-0.298649324662 0.2187346682109094
-0.297648824412 0.21668323725395525
-0.296648324162 0.23707115246343582
-0.295647823912 0.21048553039473467
-0.294647323662 0.20582819904030353
-0.293646823412 0.20274429993348497
-0.292646323162 0.20899875859885897
-0.291645822911 0.20905948857893333
-0.290645322661 0.20746253392409045
-0.289644822411 0.20661384180052036
-0.288644322161 0.20529743664907887
-0.287643821911 0.20459945947121952
-0.286643321661 0.20357667735953877
-0.285642821411 0.2027594014791261
-0.284642321161 0.20166081457366675
-0.28364182091 0.20082505053794353
-0.28264132066 0.20067809360765493
-0.28164082041 0.19994550339349648
-0.28064032016 0.19957174035542474
-0.27963981991 0.1993372745516489
-0.27863931966 0.19901995525176797
-0.27763881941 0.1984800068177212
-0.27663831916 0.19864010506171312
-0.275637818909 0.19868874304165268
-0.274637318659 0.19866554728373
-0.273636818409 0.19876493568174033
-0.272636318159 0.19934747497243577
-0.271635817909 0.19980726952166383
-0.270635317659 0.20089594251199594
-0.269634817409 0.20162948233866115
-0.268634317159 0.20278268302047256
-0.267633816908 0.20200071795872868
-0.266633316658 0.20085151420113262
-0.265632816408 0.20067064596211145
-0.264632316158 0.20096760405148728
-0.263631815908 0.2009406139582403
-0.262631315658 0.20116384425425587
-0.261630815408 0.20062655029701307
-0.260630315158 0.2009129488230672
-0.259629814907 0.200779928769942
-0.258629314657 0.20132579493180022
-0.257628814407 0.2022534933454175
-0.256628314157 0.20269637183717473
-0.255627813907 0.20293892583680762
-0.254627313657 0.20420112316183983
-0.253626813407 0.20543527141791643
-0.252626313157 0.20692831026820432
-0.251625812906 0.21082658211114771
-0.250625312656 0.21418381910782475
-0.249624812406 0.2240266083929247
-0.248624312156 0.2798145496946081
-0.247623811906 0.25258030732556974
-0.246623311656 0.24246089081995395
-0.245622811406 0.2383745587649843
-0.244622311156 0.23069376925255156
-0.243621810905 0.22947807263993003
-0.242621310655 0.2233995565284917
-0.241620810405 0.21969572969552695
-0.240620310155 0.21600337833615735
-0.239619809905 0.2133983133656708
-0.238619309655 0.21170112040924513
-0.237618809405 0.21014590428848437
-0.236618309155 0.20871381757343055
-0.235617808904 0.2075448180586251
-0.234617308654 0.208340685738394
-0.233616808404 0.21340071807394997
-0.232616308154 0.21730229019950317
-0.231615807904 0.2293074287917944
-0.230615307654 0.23254444207574368
-0.229614807404 0.22526303461247824
-0.228614307154 0.21746015159013754
-0.227613806903 0.212990129201295
-0.226613306653 0.21093459531990758
-0.225612806403 0.20958785153942755
-0.224612306153 0.22584947687191098
-0.223611805903 0.21037246100152013
-0.222611305653 0.20704624034737415
-0.221610805403 0.20625899310996446
-0.220610305153 0.2069734400064911
-0.219609804902 0.2114010561888105
-0.218609304652 0.21012681728190297
-0.217608804402 0.21382531848446498
-0.216608304152 0.2051700723229228
-0.215607803902 0.20414585906576424
-0.214607303652 0.20056898942414741
-0.213606803402 0.19359581257266642
-0.212606303152 0.18969611241468215
-0.211605802901 0.18745977123725238
-0.210605302651 0.18466034415007182
-0.209604802401 0.18400949463645813
-0.208604302151 0.1840215149414303
-0.207603801901 0.1840129415602707
-0.206603301651 0.18196447897532653
-0.205602801401 0.18094438861570183
-0.204602301151 0.18010591036648133
-0.2036018009 0.17982995529437634
-0.20260130065 0.18049821203729804
-0.2016008004 0.18319251548161777
-0.20060030015 0.18754206131111545
-0.1995997999 0.18810729401308748
-0.19859929965 0.19081025190073062
-0.1975987994 0.17561971197966872
-0.19659829915 0.17304346267192391
-0.195597798899 0.17264301252716208
-0.194597298649 0.17031171796764957
-0.193596798399 0.1729201528473929
-0.192596298149 0.17599672652417397
-0.191595797899 0.17346965588915392
-0.190595297649 0.16980226921021332
-0.189594797399 0.16984555360577588
-0.188594297149 0.16973897739008997
-0.187593796898 0.16819195855603347
-0.186593296648 0.16716672061622226
-0.185592796398 0.166076526435789
-0.184592296148 0.16593084076719217
-0.183591795898 0.1657839965769904
-0.182591295648 0.164757387557944
-0.181590795398 0.16463339076124162
-0.180590295148 0.16585584302380843
-0.179589794897 0.16630727106236112
-0.178589294647 0.16501904177404653
-0.177588794397 0.16655366437516964
-0.176588294147 0.1648899509027549
-0.175587793897 0.1648389526284491
-0.174587293647 0.16184460709978385
-0.173586793397 0.1609775586307922
-0.172586293147 0.1341327801275732
-0.171585792896 0.13503214067905345
-0.170585292646 0.13655979963390774
-0.169584792396 0.13800434571759249
-0.168584292146 0.1392187025271047
-0.167583791896 0.13403190707454957
-0.166583291646 0.12908958221466205
-0.165582791396 0.12582450630829967
-0.164582291146 0.1251351842597206
-0.163581790895 0.12458270010660218
-0.162581290645 0.12405590030644478
-0.161580790395 0.12385007373481698
-0.160580290145 0.12356276492029426
-0.159579789895 0.12346611405560921
-0.158579289645 0.12391427708383333
-0.157578789395 0.12438518849067665
-0.156578289145 0.12509268284432853
-0.155577788894 0.125320494351789
-0.154577288644 0.1268933421354058
-0.153576788394 0.12674472310426327
-0.152576288144 0.12623350617956536
-0.151575787894 0.1255514825318906
-0.150575287644 0.1251278005069515
-0.149574787394 0.12571153575667207
-0.148574287144 0.12661737060547734
-0.147573786893 0.12736165409175565
-0.146573286643 0.12886564112688925
-0.145572786393 0.13117106440691043
-0.144572286143 0.1323305271845032
-0.143571785893 0.13089922336605167
-0.142571285643 0.12939761973394087
-0.141570785393 0.12931102313719656
-0.140570285143 0.13037955639387558
-0.139569784892 0.1321444422909557
-0.138569284642 0.13107230786204854
-0.137568784392 0.13258054192276292
-0.136568284142 0.1297529820936926
-0.135567783892 0.12723306824537958
-0.134567283642 0.13108927289810413
-0.133566783392 0.13359022572381407
-0.132566283142 0.13377663666923334
-0.131565782891 0.13190748539914288
-0.130565282641 0.13658998619056825
-0.129564782391 0.1423039971545893
-0.128564282141 0.1486126340463296
-0.127563781891 0.19114316441829576
-0.126563281641 0.038270745832469144
-0.125562781391 0.037861111308222686
-0.124562281141 0.03764546469329674
-0.12356178089 0.037129513131891015
-0.12256128064 0.035947680934045864
-0.12156078039 0.03483243786644281
-0.12056028014 0.03415917861516703
-0.11955977989 0.03378342991969834
-0.11855927964 0.03330839618752923
-0.11755877939 0.03271509067171629
-0.11655827914 0.0321389350124965
-0.115557778889 0.031816018718417854
-0.114557278639 0.0313458792475615
-0.113556778389 0.03093423457178959
-0.112556278139 0.03064976960599306
-0.111555777889 0.03031804409278746
-0.110555277639 0.030162217096318247
-0.109554777389 0.02975593833212409
-0.108554277139 0.02934494302792175
-0.107553776888 0.0289020455076532
-0.106553276638 0.02840547572141871
-0.105552776388 0.02803300867139445
-0.104552276138 0.027762753068818164
-0.103551775888 0.027800354421396445
-0.102551275638 0.027746594826992547
-0.101550775388 0.027078607204572225
-0.100550275138 0.026199612926504377
-0.0995497748874 0.025196498187200267
-0.0985492746373 0.024339985562074028
-0.0975487743872 0.024155449563504065
-0.0965482741371 0.0241122784944589
-0.0955477738869 0.024030604061653246
-0.0945472736368 0.024114695503718975
-0.0935467733867 0.024073716896582803
-0.0925462731366 0.024029263716276842
-0.0915457728864 0.024065189427325242
-0.0905452726363 0.024304657400386794
-0.0895447723862 0.024775515806763484
-0.0885442721361 0.025059425349991043
-0.0875437718859 0.02542588739290781
-0.0865432716358 0.0265303643117433
-0.0855427713857 0.027496257871173477
-0.0845422711356 0.030985948113664914
-0.0835417708854 0.02788211594179945
-0.0825412706353 0.0326059308352482
-0.0815407703852 0.04024622526745716
-0.0805402701351 0.0503762601937649
-0.0795397698849 0.042018254623583474
-0.0785392696348 0.037756208995704935
-0.0775387693847 0.035198573522853244
-0.0765382691346 0.030855022554419735
-0.0755377688844 0.03011369685654529
-0.0745372686343 0.028324220804763135
-0.0735367683842 0.026067669661353016
-0.0725362681341 0.02549856705984118
-0.0715357678839 0.02494437571345308
-0.0705352676338 0.023880929415353847
-0.0695347673837 0.02315752039789944
-0.0685342671336 0.022623512360375568
-0.0675337668834 0.021941703882607643
-0.0665332666333 0.02117307243605485
-0.0655327663832 0.020126242083862544
-0.0645322661331 0.019744722349868304
-0.0635317658829 0.01947431901311345
-0.0625312656328 0.019187331888535816
-0.0615307653827 0.018342459171094214
-0.0605302651326 0.01807257285195815
-0.0595297648824 0.01777768813988087
-0.0585292646323 0.01743046948296443
-0.0575287643822 0.01700623688908154
-0.0565282641321 0.016657132343193392
-0.0555277638819 0.016571678687980044
-0.0545272636318 0.01632245084170017
-0.0535267633817 0.016020380681911795
-0.0525262631316 0.015680750205599787
-0.0515257628814 0.015676430935828788
-0.0505252626313 0.015633487259648266
-0.0495247623812 0.015382770377413122
-0.0485242621311 0.015279023212073778
-0.0475237618809 0.015562878819846974
-0.0465232616308 0.016256894987059112
-0.0455227613807 0.015247067417608205
-0.0445222611306 0.01536015673956085
-0.0435217608804 0.015176157603655677
-0.0425212606303 0.013032193297760983
-0.0415207603802 0.012995850403858082
-0.0405202601301 0.013239452180904158
-0.0395197598799 0.013498009455376717
-0.0385192596298 0.013389607889467199
-0.0375187593797 0.013125622728725587
-0.0365182591296 0.012974123649795829
-0.0355177588794 0.013289895454899088
-0.0345172586293 0.013691644817128026
-0.0335167583792 0.013106061023879456
-0.0325162581291 0.013002315695792271
-0.0315157578789 0.01389934248735072
-0.0305152576288 0.01287469961964958
-0.0295147573787 0.014860124283214409
-0.0285142571286 0.0026173369469514205
-0.0275137568784 0.0026226218872877887
-0.0265132566283 0.0026292850679807654
-0.0255127563782 0.002645897199239016
-0.0245122561281 0.002657375772283572
-0.0235117558779 0.002675488155889026
-0.0225112556278 0.00270501505342564
-0.0215107553777 0.0027398664065470127
-0.0205102551276 0.0027899382104560047
-0.0195097548774 0.0028607174072516183
-0.0185092546273 0.0029403932583186906
-0.0175087543772 0.0031028438691144238
-0.0165082541271 0.003382217446806988
-0.0155077538769 0.007400309756672086
-0.0145072536268 0.0031150786747153186
-0.0135067533767 0.0029304697570699187
-0.0125062531266 0.0027895258893752602
-0.0115057528764 0.0025928290424596092
-0.0105052526263 0.0025483459565498984
-0.00950475237619 0.002427403812320964
-0.00850425212606 0.0023862664248957373
-0.00750375187594 0.002238340488979376
-0.00650325162581 0.0021741038016624137
-0.00550275137569 0.002060633280719208
-0.00450225112556 0.0020397831335531463
-0.00350175087544 0.0020014729130175615
-0.00250125062531 0.0019058372269142084
-0.00150075037519 0.0018376591886364202
-0.000500250125063 0.0017793784596040973
0.000500250125063 0.0017665981246615002
0.00150075037519 0.0016505756277953565
0.00250125062531 0.0017941004036076788
0.00350175087544 0.0007752745516042757
0.00450225112556 4.3896955196836024e-05
0.00550275137569 5.252805506273932e-05
0.00650325162581 6.115915492864239e-05
0.00750375187594 6.979025479454556e-05
0.00850425212606 7.804574461037809e-05
0.00950475237619 8.617193470269294e-05
0.0105052526263 0.00011128491703907695
0.0115057528764 0.00011447344818633925
0.0125062531266 0.00011875853986415852
0.0135067533767 0.00012394773168950376
0.0145072536268 0.00013559872609125213
0.0155077538769 0.00014724972049299845
0.0165082541271 0.00015890071489474503
0.0175087543772 0.0001705517092964913
0.0185092546273 0.0001819368059665845
0.0195097548774 0.00019294134905191036
0.0205102551276 0.00019730327421556388
0.0215107553777 0.00022258703781528815
0.0225112556278 0.0002293413016559626
0.0235117558779 0.00023609556549663752
0.0245122561281 0.00024259114076046907
0.0255127563782 0.00024965010358777895
0.0265132566283 0.00026459113464935086
0.0275137568784 0.0002795321657109221
0.0285142571286 0.00029447319677249425
0.0295147573787 0.0003094142278340662
0.0305152576288 0.0003243542581865759
0.0315157578789 0.0003391353427676072
0.0325162581291 0.00033898453146063875
0.0335167583792 0.00036596772851557325
0.0345172586293 0.000374078376561221
0.0355177588794 0.0003822818335226232
0.0365182591296 0.0003904852904840258
0.0375187593797 0.0003986887474454288
0.0385192596298 0.0004130364712770179
0.0395197598799 0.0004317114939454018
0.0405202601301 0.0004501303207996482
0.0415207603802 0.0004685436775281975
0.0425212606303 0.00048695703425674804
0.0435217608804 0.0005038807270813905
0.0445222611306 0.000500761270809942
0.0455227613807 0.00052817587924888
0.0465232616308 0.0005382958761792464
0.0475237618809 0.0005483995637883209
0.0485242621311 0.0005583305159628187
0.0495247623812 0.0005682442495419965
0.0505252626313 0.0005836527635300928
0.0515257628814 0.0006051323993579775
0.0525262631316 0.0006265147165110768
0.0535267633817 0.0006478970336641763
0.0545272636318 0.0006692793508172776
0.0555277638819 0.0006775729263578227
0.0565282641321 0.0006761184077558075
0.0575287643822 0.0007046651160881968
0.0585292646323 0.0007168379957912963
0.0595297648824 0.0007289614348760198
0.0605302651326 0.0007428585071821407
0.0615307653827 0.0007571665972099052
0.0625312656328 0.0007741036606065734
0.0635317658829 0.0007987834875123083
0.0645322661331 0.0008234633144180356
0.0655327663832 0.0008555130231522077
0.0665332666333 0.0008697640524588139
0.0675337668834 0.0008782500275643331
0.0685342671336 0.0008899820130510642
0.0695347673837 0.0009017691442765171
0.0705352676338 0.0009442187904481096
0.0715357678839 0.000951370652708415
0.0725362681341 0.0009722633903123043
0.0735367683842 0.0009932986065840858
0.0745372686343 0.0010142957280946858
0.0755377688844 0.0010480331897373422
0.0765382691346 0.0010519521356298967
0.0775387693847 0.001083174996587272
0.0785392696348 0.0011111119162269933
0.0795397698849 0.0011386811711511658
0.0805402701351 0.001161437905252165
0.0815407703852 0.0011718385856699573
0.0825412706353 0.0011947197085197263
0.0835417708854 0.0012175989331089162
0.0845422711356 0.0012404502507559277
0.0855427713857 0.0012580723209675495
0.0865432716358 0.001282483100410586
0.0875437718859 0.001300272968343863
0.0885442721361 0.0013237783999125194
0.0895447723862 0.0013475411971765152
0.0905452726363 0.001369905812851182
0.0915457728864 0.0013866788715301802
0.0925462731366 0.0013996032485273098
0.0935467733867 0.0014195382885567442
0.0945472736368 0.0014418772923053104
0.0955477738869 0.0014653210296205474
0.0965482741371 0.0014890134682495825
0.0975487743872 0.0015136230718315095
0.0985492746373 0.0015371193817353816
0.0995497748874 0.0015561710930349134
0.100550275138 0.00157504779731045
0.101550775388 0.001591450089431934
0.102551275638 0.0016088904812144565
0.103551775888 0.0016264110975665947
0.104552276138 0.0016444586355941794
0.105552776388 0.0016630169854267584
0.106553276638 0.0026200974850594345
0.107553776888 0.0027182163813939514
0.108554277139 0.0028672919657112958
0.109554777389 0.0028327395764917874
0.110555277639 0.002806375679313631
0.111555777889 0.0028404979630849026
0.112556278139 0.0028754864270272877
0.113556778389 0.0029493558005009857
0.114557278639 0.0029714300695267287
0.115557778889 0.0029699232031442997
0.11655827914 0.0030095500429309116
0.11755877939 0.0030034864626792336
0.11855927964 0.0030250674875859076
0.11955977989 0.003082922050914705
0.12056028014 0.0031274993246559256
0.12156078039 0.003183623141521765
0.12256128064 0.0032048028603329694
0.12356178089 0.0031997288960831814
0.124562281141 0.003345423822835751
0.125562781391 0.003432962932278244
0.126563281641 0.0034734745707738312
0.127563781891 0.0035207732189855958
0.128564282141 0.0035466289594281407
0.129564782391 0.003577593115517835
0.130565282641 0.003616829807271001
0.131565782891 0.003643128309306787
0.132566283142 0.0037414306584834327
0.133566783392 0.0037343907156314623
0.134567283642 0.003768236053694005
0.135567783892 0.003813366734283957
0.136568284142 0.003844857005755655
0.137568784392 0.0043753708553767685
0.138569284642 0.0066703557787479995
0.139569784892 0.006724484854711235
0.140570285143 0.00654402498252107
0.141570785393 0.006717712345998384
0.142571285643 0.006963182655758601
0.143571785893 0.007053213388724776
0.144572286143 0.006944078075187854
0.145572786393 0.006992235383083459
0.146573286643 0.007016942225460873
0.147573786893 0.00710733526580715
0.148574287144 0.0072278957468056605
0.149574787394 0.007329032556119986
0.150575287644 0.0075560008097828694
0.151575787894 0.007786782244524327
0.152576288144 0.008066175376401068
0.153576788394 0.00810581170584408
0.154577288644 0.008114789121805082
0.155577788894 0.010100798608847725
0.156578289145 0.01094607058205006
0.157578789395 0.010681741247202368
0.158579289645 0.011377270067151876
0.159579789895 0.011477808960843243
0.160580290145 0.012492744258138707
0.161580790395 0.011302409581287249
0.162581290645 0.010718873648237221
0.163581790895 0.010377714019711368
0.164582291146 0.010148171953801993
0.165582791396 0.009995544248573579
0.166583291646 0.009906941276773659
0.167583791896 0.009887139035049492
0.168584292146 0.009918169144461794
0.169584792396 0.009817390973826334
0.170585292646 0.009721935719762778
0.171585792896 0.009669505852964442
0.172586293147 0.009674530871290207
0.173586793397 0.009826015728291951
0.174587293647 0.009901577125898535
0.175587793897 0.009976723852178153
0.176588294147 0.010036933618546835
0.177588794397 0.010035530276680363
0.178589294647 0.010023245667964455
0.179589794897 0.010123279579258498
0.180590295148 0.010179977272430822
0.181590795398 0.010212506736199872
0.182591295648 0.010066898679640928
0.183591795898 0.010541389228970903
0.184592296148 0.010768335486827228
0.185592796398 0.011174051020298616
0.186593296648 0.011160968183845262
0.187593796898 0.011213361259758272
0.188594297149 0.01123141685754685
0.189594797399 0.011119187833077741
0.190595297649 0.01177007289966441
0.191595797899 0.011871835597015847
0.192596298149 0.012198488068531986
0.193596798399 0.013858457981146145
0.194597298649 0.015387713024642206
0.195597798899 0.031787171857168534
0.19659829915 0.03391794214827687
0.1975987994 0.028636569259525044
0.19859929965 0.024813530361362808
0.1995997999 0.024417997227473374
0.20060030015 0.024485104654035982
0.2016008004 0.024245426289677907
0.20260130065 0.022786577895723307
0.2036018009 0.02228826563884562
0.204602301151 0.022083429919771982
0.205602801401 0.022515225029908846
0.206603301651 0.025541367876768535
0.207603801901 0.033710819535592754
0.208604302151 0.027110774848438424
0.209604802401 0.027130860713408804
0.210605302651 0.027240619714124472
0.211605802901 0.027756893262120465
0.212606303152 0.027331809333226157
0.213606803402 0.026125999616306485
0.214607303652 0.026365037714248175
0.215607803902 0.02662678442986199
0.216608304152 0.026940927485869796
0.217608804402 0.027278147433230145
0.218609304652 0.0269773094978833
0.219609804902 0.02651300283859032
0.220610305153 0.02596579617203073
0.221610805403 0.025613906481140807
0.222611305653 0.02570359955576694
0.223611805903 0.02646338515019254
0.224612306153 0.02773962325410143
0.225612806403 0.029049193819942427
0.226613306653 0.029865845610383517
0.227613806903 0.030698579417911202
0.228614307154 0.03165484842485715
0.229614807404 0.031828492998912696
0.230615307654 0.03126422201719823
0.231615807904 0.030763139313147933
0.232616308154 0.030152786154357094
0.233616808404 0.02961053669904805
0.234617308654 0.029480996830404147
0.235617808904 0.029208014723368987
0.236618309155 0.028894786154608918
0.237618809405 0.028937771813770413
0.238619309655 0.028948976012974113
0.239619809905 0.02898587858964976
0.240620310155 0.029066156011935598
0.241620810405 0.029191184461096042
0.242621310655 0.029337038524383158
0.243621810905 0.02948681407977824
0.244622311156 0.029521805726364418
0.245622811406 0.028957218599553098
0.246623311656 0.028524065844761533
0.247623811906 0.02810439422982064
0.248624312156 0.028035946413527815
0.249624812406 0.027924092406261022
0.250625312656 0.027879511714968223
0.251625812906 0.027747384108871145
0.252626313157 0.027751012727648933
0.253626813407 0.027805650225255107
0.254627313657 0.027675414390301748
0.255627813907 0.0275404153964158
0.256628314157 0.02728340241388228
0.257628814407 0.027122193961401524
0.258629314657 0.027046819840403444
0.259629814907 0.026988327516178273
0.260630315158 0.026919728439533885
0.261630815408 0.026919890051576564
0.262631315658 0.026945119397373905
0.263631815908 0.026997280229509677
0.264632316158 0.027032302447215523
0.265632816408 0.027071374926005306
0.266633316658 0.027106553230549925
0.267633816908 0.02711663760706991
0.268634317159 0.02689208296923383
0.269634817409 0.026605523413803817
0.270635317659 0.026373830044024552
0.271635817909 0.026344263946840998
0.272636318159 0.02638265901189444
0.273636818409 0.0264044737735406
0.274637318659 0.026577961649367116
0.275637818909 0.026260346439198275
0.27663831916 0.026249534580541446
0.27763881941 0.026218269750461175
0.27863931966 0.026258342310766056
0.27963981991 0.026313547821071665
0.28064032016 0.02649334849331339
0.28164082041 0.02659021443995946
0.28264132066 0.026521819533211755
0.28364182091 0.02646198275804469
0.284642321161 0.026401739699035552
0.285642821411 0.02638472851167562
0.286643321661 0.026422395653554014
0.287643821911 0.02645631901959767
0.288644322161 0.026523128407766196
0.289644822411 0.026569187800050312
0.290645322661 0.02661206993186093
0.291645822911 0.02664200271962348
0.292646323162 0.026689825964136972
0.293646823412 0.02673465761070447
0.294647323662 0.02675708205984521
0.295647823912 0.026774037460305666
0.296648324162 0.026811620258337183
0.297648824412 0.02686164200781706
0.298649324662 0.02654554187761576
0.299649824912 0.026667808650165766
0.300650325163 0.02668532474061783
0.301650825413 0.026785436404472767
0.302651325663 0.026985731692805128
0.303651825913 0.027616883685171272
0.304652326163 0.026961446791845232
0.305652826413 0.026961699052941226
0.306653326663 0.02698007102793532
0.307653826913 0.02705960755824755
0.308654327164 0.027142407449099955
0.309654827414 0.027241199355360783
0.310655327664 0.027385093144727344
0.311655827914 0.027559410889351935
0.312656328164 0.02780386004672611
0.313656828414 0.027746624804783758
0.314657328664 0.027893622801417373
0.315657828914 0.028026963450075635
0.316658329165 0.02818763443087359
0.317658829415 0.02835070345926645
0.318659329665 0.028396748626875665
0.319659829915 0.02885173879188219
0.320660330165 0.029198881638733548
0.321660830415 0.02902777273212831
0.322661330665 0.028913625553569654
0.323661830915 0.028867521178864864
0.324662331166 0.029614273155000353
0.325662831416 0.030488033499052995
0.326663331666 0.030221028562946475
0.327663831916 0.030575149542508038
0.328664332166 0.03162160547086151
0.329664832416 0.03177944757514521
0.330665332666 0.030943016817972544
0.331665832916 0.030202150980557417
0.332666333167 0.02999306573569449
0.333666833417 0.02978814899952794
0.334667333667 0.029650841725345278
0.335667833917 0.029507281020360702
0.336668334167 0.029397438130883073
0.337668834417 0.029319631555094577
0.338669334667 0.02930500358896535
0.339669834917 0.029279342708986973
0.340670335168 0.029259796458427176
0.341670835418 0.029321992186362292
0.342671335668 0.029249629914938475
0.343671835918 0.029211599057079502
0.344672336168 0.029182752789177528
0.345672836418 0.02915506789255076
0.346673336668 0.029129878110461242
0.347673836918 0.029156481129618377
0.348674337169 0.029245280502682162
0.349674837419 0.029347453883348026
0.350675337669 0.029525013590136866
0.351675837919 0.029668445919756477
0.352676338169 0.029468233878919028
0.353676838419 0.029590643516069413
0.354677338669 0.029769700624830312
0.355677838919 0.029964387124479505
0.35667833917 0.0304205772352832
0.35767883942 0.03015693021901072
0.35867933967 0.03023910754357323
0.35967983992 0.030250126661462855
0.36068034017 0.03032054629316822
0.36168084042 0.030344683052293802
0.36268134067 0.030389560473051122
0.36368184092 0.030475087093770073
0.364682341171 0.030543587763880792
0.365682841421 0.030532066940050295
0.366683341671 0.03048484999921115
0.367683841921 0.030510350846274376
0.368684342171 0.030521982061688453
0.369684842421 0.03056349052210009
0.370685342671 0.030620164464469295
0.371685842921 0.030720661800036894
0.372686343172 0.030764467160867146
0.373686843422 0.03082317404244079
0.374687343672 0.030840359822856725
0.375687843922 0.03083789740179267
0.376688344172 0.03084977922977412
0.377688844422 0.030878944147283132
0.378689344672 0.030931149813496324
0.379689844922 0.031012287635577174
0.380690345173 0.0311133540003972
0.381690845423 0.03119154499919765
0.382691345673 0.0312673085757186
0.383691845923 0.031375338668423354
0.384692346173 0.0314860003947629
0.385692846423 0.031845355227319724
0.386693346673 0.03229146013234812
0.387693846923 0.03280004956200956
0.388694347174 0.034087331390706334
0.389694847424 0.033510424183704444
0.390695347674 0.03345735698309495
0.391695847924 0.03372352459528185
0.392696348174 0.03395813663670395
0.393696848424 0.03392705642820943
0.394697348674 0.03406240733878773
0.395697848924 0.03420062010345934
0.396698349175 0.034408920453721674
0.397698849425 0.034551839700058824
0.398699349675 0.0345766855905527
0.399699849925 0.034500169961320194
0.400700350175 0.03458749570893329
0.401700850425 0.03470097585457976
0.402701350675 0.034724711266596
0.403701850925 0.03479611259488126
0.404702351176 0.03485325166629559
0.405702851426 0.034795858858815025
0.406703351676 0.03493396479563168
0.407703851926 0.03506058399385301
0.408704352176 0.035028323384713685
0.409704852426 0.035099194857637545
0.410705352676 0.03520567275100037
0.411705852926 0.03532067568359352
0.412706353177 0.035455265455577645
0.413706853427 0.0354696061666204
0.414707353677 0.03554662909380983
0.415707853927 0.035623191408742774
0.416708354177 0.035785296641330205
0.417708854427 0.036015465990854104
0.418709354677 0.03622404431239582
0.419709854927 0.036486474708814776
0.420710355178 0.03676361114854497
0.421710855428 0.036953894498484866
0.422711355678 0.03696584125769078
0.423711855928 0.036978379553882015
0.424712356178 0.03712049263812022
0.425712856428 0.037287638004653754
0.426713356678 0.03733558964796278
0.427713856928 0.037505613502305864
0.428714357179 0.03763824351693531
0.429714857429 0.03768233246920074
0.430715357679 0.03774128279458363
0.431715857929 0.03786135111874794
0.432716358179 0.03806396141918713
0.433716858429 0.03827173538360997
0.434717358679 0.03845564031146752
0.435717858929 0.038648921790430224
0.43671835918 0.038864374226230895
0.43771885943 0.03894391608707542
0.43871935968 0.03911355367795828
0.43971985993 0.039484711286882794
0.44072036018 0.03969883430378707
0.44172086043 0.04017240620122287
0.44272136068 0.040998760678942515
0.44372186093 0.04170694586501471
0.444722361181 0.042579468828077366
0.445722861431 0.043961525807199246
0.446723361681 0.04520414822948961
0.447723861931 0.04396341751538254
0.448724362181 0.04392093081092951
0.449724862431 0.04414766678026665
0.450725362681 0.044458604695789224
0.451725862931 0.04482805202754143
0.452726363182 0.045148848238283704
0.453726863432 0.04546567025517084
0.454727363682 0.04624723512966989
0.455727863932 0.04611471982503622
0.456728364182 0.046123134338100294
0.457728864432 0.0468248780603518
0.458729364682 0.04738846187944832
0.459729864932 0.04797198476956339
0.460730365183 0.0504047654599522
0.461730865433 0.05012023145683442
0.462731365683 0.04859123057322798
0.463731865933 0.04838061933679425
0.464732366183 0.04820302054452582
0.465732866433 0.048173880753997665
0.466733366683 0.048138888254661144
0.467733866933 0.0481114677574481
0.468734367184 0.04821877545213108
0.469734867434 0.048293540066794476
0.470735367684 0.048420024109285635
0.471735867934 0.04840651282550159
0.472736368184 0.04851332345540543
0.473736868434 0.04868273948236606
0.474737368684 0.048830306878075776
0.475737868934 0.048980685165266255
0.476738369185 0.0491230312680784
0.477738869435 0.04928245997850483
0.478739369685 0.049489810265203785
0.479739869935 0.04978950884675787
0.480740370185 0.0500825567420304
0.481740870435 0.05034210073230862
0.482741370685 0.050560990298595225
0.483741870935 0.05074802631562403
0.484742371186 0.05082916038939589
0.485742871436 0.05086978087385278
0.486743371686 0.051039443742870574
0.487743871936 0.05124305735099674
0.488744372186 0.05147540948957396
0.489744872436 0.051741284327587456
0.490745372686 0.052122907724658454
0.491745872936 0.05275985113823248
0.492746373187 0.05482922810755221
0.493746873437 0.05616592351232275
0.494747373687 0.05714401898056536
0.495747873937 0.05806436354626948
0.496748374187 0.05934484984061392
0.497748874437 0.060024845522311646
0.498749374687 0.06017959641026206
0.499749874937 0.06057431334515882
0.500750375188 0.061173748321133786
0.501750875438 0.06181019802008282
0.502751375688 0.062193609026344986
0.503751875938 0.06277596314181712
0.504752376188 0.0632702975425656
0.505752876438 0.06378950729202214
0.506753376688 0.06460624182482769
0.507753876938 0.06495922329773456
0.508754377189 0.06527000535037192
0.509754877439 0.06574341314644248
0.510755377689 0.06585986520880463
0.511755877939 0.06620715279604034
0.512756378189 0.0663835590762384
0.513756878439 0.06670240623891521
0.514757378689 0.06707554369734488
0.515757878939 0.06736618246933006
0.51675837919 0.06756149674529471
0.51775887944 0.06790073739041562
0.51875937969 0.06852387923427286
0.51975987994 0.06916575656181652
0.52076038019 0.0702097791871121
0.52176088044 0.07184974383903459
0.52276138069 0.07155839654854729
0.52376188094 0.07155240267233146
0.524762381191 0.07147410656523807
0.525762881441 0.07134249913942818
0.526763381691 0.07159373678934124
0.527763881941 0.07192952415075836
0.528764382191 0.072710002502565
0.529764882441 0.07308772263811036
0.530765382691 0.07354195568168531
0.531765882941 0.07385547275265303
0.532766383192 0.07412350972236235
0.533766883442 0.07465844752235976
0.534767383692 0.07476114966030296
0.535767883942 0.07522144914394821
0.536768384192 0.07586650036246993
0.537768884442 0.07663534819541927
0.538769384692 0.07806938997823085
0.539769884942 0.07845955837814492
0.540770385193 0.07904875123585109
0.541770885443 0.07935427231237777
0.542771385693 0.08211280569040327
0.543771885943 0.08154360923246168
0.544772386193 0.08036404574546564
0.545772886443 0.08052159764589496
0.546773386693 0.08062261943455845
0.547773886943 0.08082939671885443
0.548774387194 0.08172572691270873
0.549774887444 0.08177659329796814
0.550775387694 0.08174197389755725
0.551775887944 0.08204204118340165
0.552776388194 0.0828661761246848
0.553776888444 0.08387976570808561
0.554777388694 0.08498706061012058
0.555777888944 0.08763620099253769
0.556778389195 0.08651861516608716
0.557778889445 0.08785526431769548
0.558779389695 0.08850600946146595
0.559779889945 0.09273984586270571
0.560780390195 0.0907238392849695
0.561780890445 0.090664908831138
0.562781390695 0.09099908525775281
0.563781890945 0.09171518895891484
0.564782391196 0.09272975221917287
0.565782891446 0.09499545361059956
0.566783391696 0.09664867893539236
0.567783891946 0.09920174396090789
0.568784392196 0.10001025683694423
0.569784892446 0.10023878067889648
0.570785392696 0.10037843686736297
0.571785892946 0.10001221046255966
0.572786393197 0.09918027522293658
0.573786893447 0.09919013498681604
0.574787393697 0.09951754973041763
0.575787893947 0.10016465082611109
0.576788394197 0.10118991868603595
0.577788894447 0.10211292367354613
0.578789394697 0.10327842968214028
0.579789894947 0.10329619302430407
0.580790395198 0.10376729604619965
0.581790895448 0.10558846923548977
0.582791395698 0.10539836048800029
0.583791895948 0.10688194247838015
0.584792396198 0.10850232790545204
0.585792896448 0.10936784781381864
0.586793396698 0.1119495702963585
0.587793896948 0.11446386177406453
0.588794397199 0.11443028045667375
0.589794897449 0.11615183852678704
0.590795397699 0.12089624310166511
0.591795897949 0.11872541106632951
0.592796398199 0.11968951030646413
0.593796898449 0.12165621966795903
0.594797398699 0.12173127898593876
0.595797898949 0.12242898774016261
0.5967983992 0.12392708558282907
0.59779889945 0.12446445104116405
0.5987993997 0.126110286222457
0.59979989995 0.12898054839844533
0.6008004002 0.12713386336483726
0.60180090045 0.1378394672280715
0.6028014007 0.14894558977553543
0.60380190095 0.15907372781111387
0.604802401201 0.16873778611430232
0.605802901451 0.17225988546651771
0.606803401701 0.18127693117955873
0.607803901951 0.17807339655347026
0.608804402201 0.1721490605342921
0.609804902451 0.16625174391349207
0.610805402701 0.1653872733021754
0.611805902951 0.16445025057942664
0.612806403202 0.1636565643951231
0.613806903452 0.16486858407275817
0.614807403702 0.1657172872435183
0.615807903952 0.1665579771574104
0.616808404202 0.16743538450372936
0.617808904452 0.16779411607003247
0.618809404702 0.16812117127644377
0.619809904952 0.1702557817383527
0.620810405203 0.17490867252473305
0.621810905453 0.1738884303330249
0.622811405703 0.17225213563968647
0.623811905953 0.16982383574423604
0.624812406203 0.16922700320098724
0.625812906453 0.16791819485998083
0.626813406703 0.16753107000829054
0.627813906953 0.16837263229555188
0.628814407204 0.16861622507785978
0.629814907454 0.1691262742888002
0.630815407704 0.17007039222732778
0.631815907954 0.1751176989992669
0.632816408204 0.17224218415603812
0.633816908454 0.1727831257572294
0.634817408704 0.17128790730783475
0.635817908954 0.17141939365520711
0.636818409205 0.17181957468466605
0.637818909455 0.1719796608160433
0.638819409705 0.1719207548095361
0.639819909955 0.1720189963366413
0.640820410205 0.17279798924941292
0.641820910455 0.1735377915683785
0.642821410705 0.1742199466084048
0.643821910955 0.17499003732059665
0.644822411206 0.17579490311470208
0.645822911456 0.17663449677960097
0.646823411706 0.17742180947856487
0.647823911956 0.1798275959943936
0.648824412206 0.18667207815733017
0.649824912456 0.19074631772819303
0.650825412706 0.19428448757204952
0.651825912956 0.1983625347654289
0.652826413207 0.20161413198546205
0.653826913457 0.20316914380052398
0.654827413707 0.20183724192316685
0.655827913957 0.20263889012270433
0.656828414207 0.20310722325390435
0.657828914457 0.2040079491991771
0.658829414707 0.205346002055676
0.659829914957 0.20774209280951883
0.660830415208 0.21001722840520715
0.661830915458 0.21222688910203144
0.662831415708 0.21693681475551518
0.663831915958 0.21866246521871077
0.664832416208 0.2168053219706222
0.665832916458 0.21776000067312998
0.666833416708 0.21887397315820942
0.667833916958 0.22071791245075634
0.668834417209 0.2225252164020865
0.669834917459 0.2231884268180489
0.670835417709 0.22319373273207263
0.671835917959 0.2253554322781038
0.672836418209 0.2288138983799198
0.673836918459 0.23261959087563813
0.674837418709 0.23343043563908317
0.675837918959 0.2334095443154813
0.67683841921 0.23726048771247693
0.67783891946 0.24233823932624585
0.67883941971 0.2478066664022209
0.67983991996 0.2566950221116517
0.68084042021 0.25890952643742227
0.68184092046 0.26956897289189274
0.68284142071 0.27885708417663213
0.68384192096 0.28907989949813445
0.684842421211 0.2997254373738699
0.685842921461 0.326879805303457
0.686843421711 0.32952370404073084
0.687843921961 0.3174099505431965
0.688844422211 0.3014257398594564
0.689844922461 0.29117172444477324
0.690845422711 0.2872056651694894
0.691845922961 0.28388852423956557
0.692846423212 0.28635456373174695
0.693846923462 0.28617444337389614
0.694847423712 0.2863953348942314
0.695847923962 0.28585565394629914
0.696848424212 0.2849134020156269
0.697848924462 0.2845458113873573
0.698849424712 0.28369163766602584
0.699849924962 0.3354937042516129
0.700850425213 0.3132240356935996
0.701850925463 0.3047607147742072
0.702851425713 0.3041387650986386
0.703851925963 0.30179308638482183
0.704852426213 0.2982279835805159
0.705852926463 0.29620390630898075
0.706853426713 0.2969031519313442
0.707853926963 0.29945687598726417
0.708854427214 0.30785591021061237
0.709854927464 0.3076699830262406
0.710855427714 0.30620503972748175
0.711855927964 0.308062358376445
0.712856428214 0.31061352839752454
0.713856928464 0.31749672402477686
0.714857428714 0.31383363885571214
0.715857928964 0.31696585784143666
0.716858429215 0.3121449162959219
0.717858929465 0.31210803874941945
0.718859429715 0.31185187841502615
0.719859929965 0.3112138236273954
0.720860430215 0.3095938758234531
0.721860930465 0.3095966631499462
0.722861430715 0.3097923426331756
0.723861930965 0.30983708084682027
0.724862431216 0.3099543908104789
0.725862931466 0.31106675665325195
0.726863431716 0.31208514589734093
0.727863931966 0.31291937982137186
0.728864432216 0.31411547358758163
0.729864932466 0.3150083006552959
0.730865432716 0.31644733169001765
0.731865932966 0.3177771820214327
0.732866433217 0.31988631813262175
0.733866933467 0.3207458505887044
0.734867433717 0.32410953772464735
0.735867933967 0.3243740454528232
0.736868434217 0.3261030611545665
0.737868934467 0.32849134635170757
0.738869434717 0.32951127797474505
0.739869934967 0.3312032443974253
0.740870435218 0.3345968140025669
0.741870935468 0.3355810381606205
0.742871435718 0.3369584789417587
0.743871935968 0.3428546932693241
0.744872436218 0.3474759609687431
0.745872936468 0.3456179854470953
0.746873436718 0.3692618843549875
0.747873936968 0.38202749251913115
0.748874437219 0.3874605658235489
0.749874937469 0.3883598869122547
0.750875437719 0.3948314728556895
0.751875937969 0.4006102123247931
0.752876438219 0.40763712874721575
0.753876938469 0.4252882477342805
0.754877438719 0.4252314031810947
0.755877938969 0.41913217663353886
0.75687843922 0.41411057943328067
0.75787893947 0.41392673127078383
0.75887943972 0.4150290260226408
0.75987993997 0.4167018744662856
0.76088044022 0.4195415031406097
0.76188094047 0.4247032058644854
0.76288144072 0.4343891272720609
0.76388194097 0.4624940825134894
0.764882441221 0.4413558263245446
0.765882941471 0.43405139302988643
0.766883441721 0.4318380503358018
0.767883941971 0.4364684743701356
0.768884442221 0.4560268055188391
0.769884942471 0.442257536486673
0.770885442721 0.4569962503125127
0.771885942971 0.4530460380327384
0.772886443222 0.4671373582652316
0.773886943472 0.4997707839944579
0.774887443722 0.4247103520846028
0.775887943972 0.417299936279949
0.776888444222 0.412922157905555
0.777888944472 0.39353325493278396
0.778889444722 0.3860621136105107
0.779889944972 0.3832514980729636
0.780890445223 0.3793535083067575
0.781890945473 0.37858675217037674
0.782891445723 0.3730222665792432
0.783891945973 0.37040277164548363
0.784892446223 0.3701982812143977
0.785892946473 0.3627763132804554
0.786893446723 0.35853780812971137
0.787893946973 0.35774162632805867
0.788894447224 0.3569108863942737
0.789894947474 0.3562473846204583
0.790895447724 0.3553946872644855
0.791895947974 0.3558758121309187
0.792896448224 0.35590868456888886
0.793896948474 0.3558967075564781
0.794897448724 0.35438360873952984
0.795897948974 0.3555740988205033
0.796898449225 0.35637571708369864
0.797898949475 0.35769963308104236
0.798899449725 0.35822418457078053
0.799899949975 0.35723365605929075
0.800900450225 0.3577644531857506
0.801900950475 0.357272826732753
0.802901450725 0.35717118275485643
0.803901950975 0.3579121354461675
0.804902451226 0.3593541652480126
0.805902951476 0.36137384869997446
0.806903451726 0.36293724830299123
0.807903951976 0.36371793351073994
0.808904452226 0.3663521993812313
0.809904952476 0.368965487676089
0.810905452726 0.4608615148016567
0.811905952976 0.4453744647715392
0.812906453227 0.4424130665013688
0.813906953477 0.43213566151394095
0.814907453727 0.42802728920934463
0.815907953977 0.4223244544087298
0.816908454227 0.4215759893276902
0.817908954477 0.4139469827919567
0.818909454727 0.4126385250027406
0.819909954977 0.41275157108370975
0.820910455228 0.41258854428526937
0.821910955478 0.4123520782385303
0.822911455728 0.41498389291887045
0.823911955978 0.4134207681357337
0.824912456228 0.4168018585464177
0.825912956478 0.4057718709764195
0.826913456728 0.40147666583153346
0.827913956978 0.39896251530749205
0.828914457229 0.39789401542457453
0.829914957479 0.3959623364117392
0.830915457729 0.3962369471871746
0.831915957979 0.38752315604267157
0.832916458229 0.3820374661214277
0.833916958479 0.38014372019483217
0.834917458729 0.376860590466427
0.835917958979 0.37748278368705973
0.83691845923 0.3886784891791654
0.83791895948 0.35327091215993456
0.83891945973 0.3399664587382512
0.83991995998 0.3349982901610742
0.84092046023 0.3335174710579459
0.84192096048 0.3322996537962329
0.84292146073 0.3322919579156932
0.84392196098 0.3329073472209817
0.844922461231 0.3334001535994065
0.845922961481 0.3326469092099147
0.846923461731 0.33176983281065364
0.847923961981 0.3314122553210564
0.848924462231 0.3305129803330489
0.849924962481 0.33028280208241995
0.850925462731 0.33114772399520076
0.851925962981 0.33177956496941124
0.852926463232 0.3329002060909658
0.853926963482 0.33205708051990485
0.854927463732 0.3323208027560635
0.855927963982 0.3335560483174091
0.856928464232 0.33487661067079977
0.857928964482 0.33532785101979373
0.858929464732 0.33623986921915777
0.859929964982 0.33900276280268893
0.860930465233 0.3418355538956933
0.861930965483 0.34680851238761073
0.862931465733 0.35995484305216774
0.863931965983 0.32982214207093963
0.864932466233 0.32961543770764046
0.865932966483 0.32794814339034617
0.866933466733 0.332045389464255
0.867933966983 0.3283393426523235
0.868934467234 0.3137862167084335
0.869934967484 0.31259939422027705
0.870935467734 0.31460191696950107
0.871935967984 0.31775783308329086
0.872936468234 0.32666410627913905
0.873936968484 0.3411873279724688
0.874937468734 0.34324412507780516
0.875937968984 0.3016118613356938
0.876938469235 0.28473651144867096
0.877938969485 0.27865449913970447
0.878939469735 0.27454179101852305
0.879939969985 0.2718011716202971
0.880940470235 0.27073017604728095
0.881940970485 0.2698478035679023
0.882941470735 0.2696435343181846
0.883941970985 0.2692971066659715
0.884942471236 0.2688333598200705
0.885942971486 0.26857132162798797
0.886943471736 0.2688557888084111
0.887943971986 0.26981572852596813
0.888944472236 0.2709426242104873
0.889944972486 0.271838989628882
0.890945472736 0.2750302480660378
0.891945972986 0.2787952485839587
0.892946473237 0.28225455520917303
0.893946973487 0.28671681921364667
0.894947473737 0.2917207046248944
0.895947973987 0.2972306321618602
0.896948474237 0.3069450358442506
0.897948974487 0.3209094051379275
0.898949474737 0.33954897667658485
0.899949974987 0.3475761049450617
0.900950475238 0.34173861778488446
0.901950975488 0.34128643668188025
0.902951475738 0.3481454700281668
0.903951975988 0.35191598336292407
0.904952476238 0.36059402246011774
0.905952976488 0.36758180484500247
0.906953476738 0.3763454590043358
0.907953976988 0.3866634434872617
0.908954477239 0.3970680657237105
0.909954977489 0.3932186650096574
0.910955477739 0.3999930230393513
0.911955977989 0.40280521086703586
0.912956478239 0.4061056147339058
0.913956978489 0.40790044318324764
0.914957478739 0.4119881924365587
0.915957978989 0.4213614386042067
0.91695847924 0.5253419492397433
0.91795897949 0.5603530274086688
0.91895947974 0.6105888886642579
0.91995997999 0.7020611715070111
0.92096048024 0.857305864279443
0.92196098049 0.8825838843852268
0.92296148074 1.141061187971657
0.92396198099 0.5478434765402259
0.924962481241 0.5197347063859972
0.925962981491 0.48777312048443033
0.926963481741 0.47333391065941666
0.927963981991 0.46938552959605717
0.928964482241 0.47182157464538355
0.929964982491 0.48372322537822116
0.930965482741 0.41476956095815726
0.931965982991 0.4049186638603382
0.932966483242 0.3988405438992128
0.933966983492 0.392726447436765
0.934967483742 0.3871755738080547
0.935967983992 0.38055880180772117
0.936968484242 0.36970858744543306
0.937968984492 0.3664728722758908
0.938969484742 0.36479509311922814
0.939969984992 0.3620052320129928
0.940970485243 0.36060725990408593
0.941970985493 0.3572275348926076
0.942971485743 0.3544370599750989
0.943971985993 0.35129226356560556
0.944972486243 0.34847366610340536
0.945972986493 0.3446609448294543
0.946973486743 0.3419389616502167
0.947973986993 0.3386277108356848
0.948974487244 0.33488473835772
0.949974987494 0.3317232560284672
0.950975487744 0.3282684758697781
0.951975987994 0.3239880777060019
0.952976488244 0.31971248581783906
0.953976988494 0.3159844388672334
0.954977488744 0.3124831013521579
0.955977988994 0.30818121882067406
0.956978489245 0.3057643339700817
0.957978989495 0.30239084077457073
0.958979489745 0.2995319996447226
0.959979989995 0.29601596207140274
0.960980490245 0.29224671449316125
0.961980990495 0.28515163037326713
0.962981490745 0.2867815311266209
0.963981990995 0.2919606505921559
0.964982491246 0.2913746164057574
0.965982991496 0.28736233426038205
0.966983491746 0.285985908942254
0.967983991996 0.28382270152182615
0.968984492246 0.2949946038657876
0.969984992496 0.29575344124844927
0.970985492746 0.2973148675364486
0.971985992996 0.2958831199631763
0.972986493247 0.2994554191531344
0.973986993497 0.29769301177311974
0.974987493747 0.31009634015972154
0.975987993997 0.30387524671903754
0.976988494247 0.2808604075997328
0.977988994497 0.2754995393248602
0.978989494747 0.2581194827922207
0.979989994997 0.25969399702971474
0.980990495248 0.25709366251691246
0.981990995498 0.2553299000155766
0.982991495748 0.2560417504965137
0.983991995998 0.2560938819953372
0.984992496248 0.2553947971009348
0.985992996498 0.2553491688702369
0.986993496748 0.2563355699867932
0.987993996998 0.25610804895327943
0.988994497249 0.255938324959212
0.989994997499 0.2577203228364313
0.990995497749 0.26171890132399767
0.991995997999 0.26663329495583976
0.992996498249 0.271656201092978
0.993996998499 0.28306297737283315
0.994997498749 0.25916609844929933
0.995997999 0.2533134357664492
0.99699849925 0.25287017730789185
0.9979989995 0.2527372053538428
0.99899949975 0.2518550190490469
1.0 0.22558004646654028
