-1.0 0.5912946109524977
-0.99899949975 0.5917591686521119
-0.9979989995 0.5963583997675519
-0.99699849925 0.6162529182137956
-0.995997999 0.6130310071370203
-0.994997498749 0.6128721615322493
-0.993996998499 0.6095515394470465
-0.992996498249 0.6201925439099788
-0.991995997999 0.660726662987649
-0.990995497749 0.6163455242015309
-0.989994997499 0.6080618470526319
-0.988994497249 0.6171293023070102
-0.987993996998 0.6035350311013006
-0.986993496748 0.5906595154553256
-0.985992996498 0.5937391827624615
-0.984992496248 0.5848421461347275
-0.983991995998 0.5882103563661386
-0.982991495748 0.5380094390692083
-0.981990995498 0.5335915376195134
-0.980990495248 0.5310139145707643
-0.979989994997 0.5320085048755381
-0.978989494747 0.5262144299514355
-0.977988994497 0.5185075797544283
-0.976988494247 0.5143568284482879
-0.975987993997 0.5105653832823124
-0.974987493747 0.5088098006762014
-0.973986993497 0.5056481483651163
-0.972986493247 0.6012376506426733
-0.971985992996 0.6462784914450476
-0.970985492746 0.6294156535063363
-0.969984992496 0.6311400125597307
-0.968984492246 0.6218996942562043
-0.967983991996 0.6598534346664681
-0.966983491746 0.6505034512865034
-0.965982991496 0.6426109262041759
-0.964982491246 0.606859792723409
-0.963981990995 0.6057430361464485
-0.962981490745 0.6061634718492455
-0.961980990495 0.6093458955837928
-0.960980490245 0.611904104692715
-0.959979989995 0.6185727150115183
-0.958979489745 0.6098754136215728
-0.957978989495 0.6118459586063177
-0.956978489245 0.6107747923375341
-0.955977988994 0.6185865655643777
-0.954977488744 0.6023375099046421
-0.953976988494 0.6062035678954142
-0.952976488244 0.6005302570550745
-0.951975987994 0.602147421957164
-0.950975487744 0.5947000348091105
-0.949974987494 0.58630294145554
-0.948974487244 0.5780077582510533
-0.947973986993 0.5714887694795254
-0.946973486743 0.5637619814934947
-0.945972986493 0.55806858393269
-0.944972486243 0.5487720539253543
-0.943971985993 0.5436071845192809
-0.942971485743 0.5408341408259054
-0.941970985493 0.5378586473178973
-0.940970485243 0.5334338328133639
-0.939969984992 0.5301588367435428
-0.938969484742 0.527783341162202
-0.937968984492 0.5266098696157531
-0.936968484242 0.5266712586652856
-0.935967983992 0.5312890340393591
-0.934967483742 0.5414085732469492
-0.933966983492 0.5434933399386465
-0.932966483242 0.5663646829255065
-0.931965982991 0.6327437293529782
-0.930965482741 0.5869642313009221
-0.929964982491 0.568786387311382
-0.928964482241 0.572491191269533
-0.927963981991 0.5478718568985205
-0.926963481741 0.5310082763913074
-0.925962981491 0.5190340130718982
-0.924962481241 0.5050849612012025
-0.92396198099 0.49883580630963004
-0.92296148074 0.4939210372513645
-0.92196098049 0.49033637039764055
-0.92096048024 0.487614531029662
-0.91995997999 0.4860700311688757
-0.91895947974 0.48725140162083397
-0.91795897949 0.5449073310408934
-0.91695847924 0.5466505442369519
-0.915957978989 0.5370194355448706
-0.914957478739 0.5332894378860064
-0.913956978489 0.5382931738865057
-0.912956478239 0.5384921379707354
-0.911955977989 0.5259259512666065
-0.910955477739 0.5053840568513309
-0.909954977489 0.5234706263319799
-0.908954477239 0.44932274165392
-0.907953976988 0.43297611190585694
-0.906953476738 0.4312396637189615
-0.905952976488 0.42492147338520736
-0.904952476238 0.4211299840043537
-0.903951975988 0.4168579005235623
-0.902951475738 0.41269840284046155
-0.901950975488 0.40787689911915176
-0.900950475238 0.419932562549183
-0.899949974987 0.48169561437896913
-0.898949474737 0.43030576187772773
-0.897948974487 0.4297819190733254
-0.896948474237 0.4277575110484119
-0.895947973987 0.42308578153994336
-0.894947473737 0.44061967841884325
-0.893946973487 0.46127319773441117
-0.892946473237 0.4716907424566539
-0.891945972986 0.47059687998824773
-0.890945472736 0.4791743092621648
-0.889944972486 0.4931220316436471
-0.888944472236 0.4863706469850706
-0.887943971986 0.48122952474427777
-0.886943471736 0.48116309731029383
-0.885942971486 0.491492447328748
-0.884942471236 0.4963256735159395
-0.883941970985 0.5114736901700885
-0.882941470735 0.5274483274360527
-0.881940970485 0.5100222397730415
-0.880940470235 0.5530865748112129
-0.879939969985 0.5783762739839028
-0.878939469735 0.5734971448637011
-0.877938969485 0.5762410306549532
-0.876938469235 0.5979159207952108
-0.875937968984 0.5646070096908337
-0.874937468734 0.5506816412488041
-0.873936968484 0.5354605754532227
-0.872936468234 0.5355454378549737
-0.871935967984 0.537520570664465
-0.870935467734 0.5361123877081369
-0.869934967484 0.5387714471319299
-0.868934467234 0.5611466025908037
-0.867933966983 0.5864596058523259
-0.866933466733 0.5527763548239498
-0.865932966483 0.5443267302177651
-0.864932466233 0.5438571358300675
-0.863931965983 0.5519626292384618
-0.862931465733 0.5679249432124556
-0.861930965483 0.5681620985756718
-0.860930465233 0.5705723082201619
-0.859929964982 0.559599294643009
-0.858929464732 0.5534496050109514
-0.857928964482 0.5528313317050895
-0.856928464232 0.5695354268662298
-0.855927963982 0.5790238029770484
-0.854927463732 0.5796024945795
-0.853926963482 0.5809940946900951
-0.852926463232 0.5901806332998004
-0.851925962981 0.5856682237477714
-0.850925462731 0.5773126269967358
-0.849924962481 0.5875243416280833
-0.848924462231 0.5842844538684226
-0.847923961981 0.5544592079154166
-0.846923461731 0.5440028798594205
-0.845922961481 0.5389768427787722
-0.844922461231 0.5482835864846421
-0.84392196098 0.5162157167415575
-0.84292146073 0.5143653648124907
-0.84192096048 0.5132504397281074
-0.84092046023 0.5132006751989647
-0.83991995998 0.5159070217080397
-0.83891945973 0.4946213669918702
-0.83791895948 0.4956000882426858
-0.83691845923 0.4982716463706623
-0.835917958979 0.4743403894635837
-0.834917458729 0.47479942595649804
-0.833916958479 0.4723656490954115
-0.832916458229 0.46931266689071116
-0.831915957979 0.4631632350552805
-0.830915457729 0.4605794292516096
-0.829914957479 0.482077444834468
-0.828914457229 0.4841752763564397
-0.827913956978 0.48141024997869825
-0.826913456728 0.4985366733760614
-0.825912956478 0.5011606111607304
-0.824912456228 0.5005196861538751
-0.823911955978 0.513458938015729
-0.822911455728 0.511174651490783
-0.821910955478 0.5156194390168667
-0.820910455228 0.5170504031600252
-0.819909954977 0.5123341126249754
-0.818909454727 0.515495266194475
-0.817908954477 0.5157839041063844
-0.816908454227 0.5043000788447636
-0.815907953977 0.5000415472584153
-0.814907453727 0.49716894263880024
-0.813906953477 0.520005611854688
-0.812906453227 0.5232137583473486
-0.811905952976 0.5145486845618015
-0.810905452726 0.5162334211371125
-0.809904952476 0.5147793367953888
-0.808904452226 0.5121786571193887
-0.807903951976 0.5154463612590269
-0.806903451726 0.5152406211079854
-0.805902951476 0.5250576519399313
-0.804902451226 0.5206199710255297
-0.803901950975 0.5179580247661477
-0.802901450725 0.516827918848484
-0.801900950475 0.5205066911632705
-0.800900450225 0.5347731448841798
-0.799899949975 0.5176081782832059
-0.798899449725 0.5131627003996657
-0.797898949475 0.5044844836879975
-0.796898449225 0.5014390413392924
-0.795897948974 0.5044734671967077
-0.794897448724 0.49997791920606593
-0.793896948474 0.4904966779128225
-0.792896448224 0.4792230215907222
-0.791895947974 0.4772381207549344
-0.790895447724 0.4766569933443471
-0.789894947474 0.4233536923885996
-0.788894447224 0.4210252770728672
-0.787893946973 0.4185949874880232
-0.786893446723 0.4162143552385237
-0.785892946473 0.41498810496021155
-0.784892446223 0.41398401709814686
-0.783891945973 0.41540922281547266
-0.782891445723 0.409925054864937
-0.781890945473 0.4053308258086489
-0.780890445223 0.40151443002006293
-0.779889944972 0.3989698575495378
-0.778889444722 0.3961755520722997
-0.777888944472 0.3936374132390815
-0.776888444222 0.3909060594675613
-0.775887943972 0.39124581263040126
-0.774887443722 0.3958188446913077
-0.773886943472 0.4082625686640988
-0.772886443222 0.41532333647232744
-0.771885942971 0.4200029296892896
-0.770885442721 0.42027404254919165
-0.769884942471 0.41509138181211835
-0.768884442221 0.4152852261940453
-0.767883941971 0.4180575186517105
-0.766883441721 0.415483751850035
-0.765882941471 0.45824418987588095
-0.764882441221 0.45015220534943257
-0.76388194097 0.4763910473501952
-0.76288144072 0.45128543024546647
-0.76188094047 0.4510488934542246
-0.76088044022 0.45418003956468034
-0.75987993997 0.4574593956177788
-0.75887943972 0.4627866627919318
-0.75787893947 0.47977398082147527
-0.75687843922 0.46696648112715755
-0.755877938969 0.45955869456631465
-0.754877438719 0.45779729744508957
-0.753876938469 0.45148249546856883
-0.752876438219 0.44776955817905795
-0.751875937969 0.4477113863438783
-0.750875437719 0.45016387350568804
-0.749874937469 0.45146145356960204
-0.748874437219 0.4532700053934122
-0.747873936968 0.45389876840587584
-0.746873436718 0.4547011953546975
-0.745872936468 0.45816080742119086
-0.744872436218 0.46235626172279326
-0.743871935968 0.46719014009606946
-0.742871435718 0.4716750055147596
-0.741870935468 0.48470695840465494
-0.740870435218 0.533469182964076
-0.739869934967 0.5664413069425279
-0.738869434717 0.5724391429386637
-0.737868934467 0.5889815670715864
-0.736868434217 0.5413704445392313
-0.735867933967 0.5235380300174977
-0.734867433717 0.5154412871340864
-0.733866933467 0.5136727200135633
-0.732866433217 0.5112925219230493
-0.731865932966 0.5186617941059817
-0.730865432716 0.519636063911233
-0.729864932466 0.5012947923535245
-0.728864432216 0.4942029711591281
-0.727863931966 0.49037391107339273
-0.726863431716 0.48457475259659677
-0.725862931466 0.47805052581472385
-0.724862431216 0.4716934166268656
-0.723861930965 0.4705295755543041
-0.722861430715 0.4684909141313464
-0.721860930465 0.46687467887573125
-0.720860430215 0.4665912996578032
-0.719859929965 0.4654963899313531
-0.718859429715 0.46527066673002065
-0.717858929465 0.46331536222575226
-0.716858429215 0.4609152842871049
-0.715857928964 0.4589257092688191
-0.714857428714 0.45713340796557306
-0.713856928464 0.45419188857452764
-0.712856428214 0.4513402821290913
-0.711855927964 0.44820755685589025
-0.710855427714 0.4452214712986147
-0.709854927464 0.44240907198802176
-0.708854427214 0.440021898992316
-0.707853926963 0.4367265016778748
-0.706853426713 0.43453933046443455
-0.705852926463 0.43195234992359244
-0.704852426213 0.42994124708672465
-0.703851925963 0.42693728166611994
-0.702851425713 0.42472988816021634
-0.701850925463 0.422677167518828
-0.700850425213 0.41996195781797097
-0.699849924962 0.4175809217164998
-0.698849424712 0.41614583613585493
-0.697848924462 0.4144416015975062
-0.696848424212 0.4118395017961721
-0.695847923962 0.4103997893364306
-0.694847423712 0.4079466858754685
-0.693846923462 0.40722871502960245
-0.692846423212 0.40543869755534556
-0.691845922961 0.4046198882335923
-0.690845422711 0.40222049147834
-0.689844922461 0.39984327523545204
-0.688844422211 0.38423577240908385
-0.687843921961 0.3825024693471242
-0.686843421711 0.3821815120886132
-0.685842921461 0.382191640633899
-0.684842421211 0.38433000881673474
-0.68384192096 0.388461058440014
-0.68284142071 0.38368337620081333
-0.68184092046 0.3816365211243797
-0.68084042021 0.3843336330260899
-0.67983991996 0.3872700311999143
-0.67883941971 0.38492821844564445
-0.67783891946 0.38310921068802517
-0.67683841921 0.38064550634463806
-0.675837918959 0.4026938933005811
-0.674837418709 0.40456513143966955
-0.673836918459 0.4058378489200617
-0.672836418209 0.4089537918778798
-0.671835917959 0.4022654568121233
-0.670835417709 0.39516930510570186
-0.669834917459 0.38247913463785693
-0.668834417209 0.3812735082240384
-0.667833916958 0.3842756267697456
-0.666833416708 0.3929001119469534
-0.665832916458 0.3904029058024857
-0.664832416208 0.38205900712381313
-0.663831915958 0.38116510123589864
-0.662831415708 0.3803902151304984
-0.661830915458 0.379650946955131
-0.660830415208 0.37938466159968715
-0.659829914957 0.37968487240255033
-0.658829414707 0.37984099964696877
-0.657828914457 0.38092777840837255
-0.656828414207 0.38155250432428806
-0.655827913957 0.38142669168579846
-0.654827413707 0.3813747978850111
-0.653826913457 0.3826840572235745
-0.652826413207 0.3823315571496201
-0.651825912956 0.383752277145201
-0.650825412706 0.38319065068355723
-0.649824912456 0.38417286689823243
-0.648824412206 0.3858968908318484
-0.647823911956 0.3859573829032263
-0.646823411706 0.3876424417660933
-0.645822911456 0.3885597061734274
-0.644822411206 0.39110048377843876
-0.643821910955 0.3944143034144212
-0.642821410705 0.39618097376024347
-0.641820910455 0.3968003700775501
-0.640820410205 0.40077045864437094
-0.639819909955 0.401942217714739
-0.638819409705 0.40489405699341513
-0.637818909455 0.40786746260812073
-0.636818409205 0.4107505145928891
-0.635817908954 0.41216048496368846
-0.634817408704 0.41466373837156745
-0.633816908454 0.4175865972180451
-0.632816408204 0.41974582123188187
-0.631815907954 0.42271377967741314
-0.630815407704 0.4288446600984844
-0.629814907454 0.43225668136448514
-0.628814407204 0.4296364401755826
-0.627813906953 0.4312784361476567
-0.626813406703 0.4471947103604952
-0.625812906453 0.4315473905051459
-0.624812406203 0.42754447406645973
-0.623811905953 0.42932634758728017
-0.622811405703 0.4289973744625334
-0.621810905453 0.43119308828325226
-0.620810405203 0.4334409296609702
-0.619809904952 0.43692665411705367
-0.618809404702 0.43758374149255286
-0.617808904452 0.4372632554895015
-0.616808404202 0.43755515746228774
-0.615807903952 0.4384657169196757
-0.614807403702 0.4409831958132634
-0.613806903452 0.4448996410411213
-0.612806403202 0.4500539035170718
-0.611805902951 0.45523230134451775
-0.610805402701 0.46412934866428474
-0.609804902451 0.46823748607125704
-0.608804402201 0.47472741024387427
-0.607803901951 0.4804878109717361
-0.606803401701 0.49967938201279527
-0.605802901451 0.47710987386675535
-0.604802401201 0.48993439326100424
-0.60380190095 0.4891296455446154
-0.6028014007 0.48062118893784533
-0.60180090045 0.48040923249776074
-0.6008004002 0.4863744112753753
-0.59979989995 0.49103491617694073
-0.5987993997 0.5143326162334693
-0.59779889945 0.5023985496196652
-0.5967983992 0.4852809919100281
-0.595797898949 0.47801132270844376
-0.594797398699 0.4706330817488283
-0.593796898449 0.4668299029293579
-0.592796398199 0.464730188456765
-0.591795897949 0.462170637878619
-0.590795397699 0.461078115422831
-0.589794897449 0.45930438635987175
-0.588794397199 0.4625626561744977
-0.587793896948 0.47366931251115296
-0.586793396698 0.4709834083536522
-0.585792896448 0.4530954815526186
-0.584792396198 0.4491060564337658
-0.583791895948 0.4463561938925845
-0.582791395698 0.44736366507691466
-0.581790895448 0.47584695350711753
-0.580790395198 0.48518599872699175
-0.579789894947 0.44565539079057864
-0.578789394697 0.44094342725356106
-0.577788894447 0.423898935842911
-0.576788394197 0.4205446750749826
-0.575787893947 0.4166830465928881
-0.574787393697 0.4151891088147196
-0.573786893447 0.41390858148064263
-0.572786393197 0.41235996039331546
-0.571785892946 0.410756864168579
-0.570785392696 0.40977538769171346
-0.569784892446 0.4083365654429709
-0.568784392196 0.4078422867654566
-0.567783891946 0.4073406998665851
-0.566783391696 0.4088381560848724
-0.565782891446 0.4084079420998703
-0.564782391196 0.40738131422957846
-0.563781890945 0.40658708794599385
-0.562781390695 0.4062044932479987
-0.561780890445 0.41648664504484095
-0.560780390195 0.3983222717731433
-0.559779889945 0.3989315808611282
-0.558779389695 0.39699166414972187
-0.557778889445 0.3973309078993195
-0.556778389195 0.3930396271102406
-0.555777888944 0.39410017427911126
-0.554777388694 0.393261095591447
-0.553776888444 0.3903411622612268
-0.552776388194 0.39480874103280605
-0.551775887944 0.39328052751994025
-0.550775387694 0.39342682015508645
-0.549774887444 0.3911254799144388
-0.548774387194 0.39032642474591694
-0.547773886943 0.38832588382994565
-0.546773386693 0.3871631490988266
-0.545772886443 0.3851350105207123
-0.544772386193 0.3829731036460053
-0.543771885943 0.381930275914061
-0.542771385693 0.382583857010721
-0.541770885443 0.37873135410421127
-0.540770385193 0.3739407982004951
-0.539769884942 0.35934866929614745
-0.538769384692 0.3559031679662473
-0.537768884442 0.3528973982758812
-0.536768384192 0.34846536712315074
-0.535767883942 0.3454453112729442
-0.534767383692 0.343716777021426
-0.533766883442 0.34274798665879197
-0.532766383192 0.34018573379312267
-0.531765882941 0.33791980691950263
-0.530765382691 0.3356453966694066
-0.529764882441 0.3338019259759178
-0.528764382191 0.33219854066614424
-0.527763881941 0.3313663878866642
-0.526763381691 0.3285499275099237
-0.525762881441 0.32453103685691603
-0.524762381191 0.3200525007464092
-0.52376188094 0.31951276940987294
-0.52276138069 0.3170578193651459
-0.52176088044 0.31375852833563844
-0.52076038019 0.3110597037429197
-0.51975987994 0.30918661790938035
-0.51875937969 0.30799853493665924
-0.51775887944 0.30681837157609815
-0.51675837919 0.3053860349450078
-0.515757878939 0.3042070011879468
-0.514757378689 0.3032005899713076
-0.513756878439 0.3027338510224594
-0.512756378189 0.3014302871337425
-0.511755877939 0.30067299363647537
-0.510755377689 0.29954757373918217
-0.509754877439 0.298415885679054
-0.508754377189 0.29730140701027113
-0.507753876938 0.2965192111540863
-0.506753376688 0.2952656006147183
-0.505752876438 0.2978202137560207
-0.504752376188 0.29926117579251826
-0.503751875938 0.2986153079518342
-0.502751375688 0.2998770568510206
-0.501750875438 0.30423559839347464
-0.500750375188 0.30903677249178046
-0.499749874937 0.3022392787219373
-0.498749374687 0.2986533568691588
-0.497748874437 0.29816703252554716
-0.496748374187 0.2978454699932012
-0.495747873937 0.29878404278154896
-0.494747373687 0.2989016512319548
-0.493746873437 0.29683942884584236
-0.492746373187 0.2960450050838217
-0.491745872936 0.29660037352913265
-0.490745372686 0.2968642960136813
-0.489744872436 0.29633623314936347
-0.488744372186 0.2956717841556137
-0.487743871936 0.295328443531237
-0.486743371686 0.2949633946477218
-0.485742871436 0.29527019417503725
-0.484742371186 0.29459363399819594
-0.483741870935 0.2941786872114566
-0.482741370685 0.29326072739789244
-0.481740870435 0.2928878657990562
-0.480740370185 0.29192711083120726
-0.479739869935 0.2915000378881188
-0.478739369685 0.2902686399823614
-0.477738869435 0.2901939281432987
-0.476738369185 0.2896446216608168
-0.475737868934 0.2919623681016698
-0.474737368684 0.29018760579068315
-0.473736868434 0.28832829730554904
-0.472736368184 0.28870862941182573
-0.471735867934 0.2884555550288972
-0.470735367684 0.2881987732477561
-0.469734867434 0.28867166043264436
-0.468734367184 0.2894418490777368
-0.467733866933 0.28996906393270283
-0.466733366683 0.28916349630874677
-0.465732866433 0.28883375025250435
-0.464732366183 0.2888908827921434
-0.463731865933 0.28764295421389585
-0.462731365683 0.29287767507582774
-0.461730865433 0.2984526574348247
-0.460730365183 0.29785439519975343
-0.459729864932 0.2974844299388298
-0.458729364682 0.2945561415547692
-0.457728864432 0.29388741991650197
-0.456728364182 0.29345783249122054
-0.455727863932 0.29416266514649003
-0.454727363682 0.2941669792647131
-0.453726863432 0.29532419260261134
-0.452726363182 0.30174164782729546
-0.451725862931 0.34602667563367684
-0.450725362681 0.3477338098685238
-0.449724862431 0.3561085866330412
-0.448724362181 0.35412173951212733
-0.447723861931 0.39853283378088916
-0.446723361681 0.41341417638329514
-0.445722861431 0.41930940447353915
-0.444722361181 0.433843527301008
-0.44372186093 0.42977873081648477
-0.44272136068 0.4352692190124886
-0.44172086043 0.4355040336917072
-0.44072036018 0.4346866016165702
-0.43971985993 0.4405685923566489
-0.43871935968 0.4515388916203685
-0.43771885943 0.4697355094489297
-0.43671835918 0.48138233849040457
-0.435717858929 0.5014093638102899
-0.434717358679 0.48364516463548046
-0.433716858429 0.4723607111708015
-0.432716358179 0.46839040551993943
-0.431715857929 0.4671401535398651
-0.430715357679 0.4753594539310664
-0.429714857429 0.5088103503401625
-0.428714357179 0.478289086082807
-0.427713856928 0.47442408302313105
-0.426713356678 0.4760375977799296
-0.425712856428 0.49405042359483387
-0.424712356178 0.49045691030469557
-0.423711855928 0.482933635096476
-0.422711355678 0.4839933259331319
-0.421710855428 0.472715020971861
-0.420710355178 0.4586968542070877
-0.419709854927 0.44591757846713737
-0.418709354677 0.43125680031025604
-0.417708854427 0.4197150839764232
-0.416708354177 0.4071079711799023
-0.415707853927 0.39386600714575337
-0.414707353677 0.3726684059561424
-0.413706853427 0.36021498663468776
-0.412706353177 0.3514864219331671
-0.411705852926 0.34267128689210125
-0.410705352676 0.33600457841060793
-0.409704852426 0.331274916478616
-0.408704352176 0.3249661881547998
-0.407703851926 0.32017827175346675
-0.406703351676 0.31603290122559313
-0.405702851426 0.31098397243657744
-0.404702351176 0.3076609492975414
-0.403701850925 0.3045400936438863
-0.402701350675 0.2994059086453351
-0.401700850425 0.29579282041657873
-0.400700350175 0.29303803067103307
-0.399699849925 0.29024606007154274
-0.398699349675 0.2868209505312947
-0.397698849425 0.2847582779421951
-0.396698349175 0.28202808056438927
-0.395697848924 0.2798230808669521
-0.394697348674 0.27632194377505487
-0.393696848424 0.27338559921829614
-0.392696348174 0.2708076475447999
-0.391695847924 0.26750071211287185
-0.390695347674 0.26437192112564745
-0.389694847424 0.2612402069569943
-0.388694347174 0.25845762392691907
-0.387693846923 0.25546567518104
-0.386693346673 0.25306462319198814
-0.385692846423 0.2504144805911906
-0.384692346173 0.24739348178879297
-0.383691845923 0.2448235528132418
-0.382691345673 0.2423007574197982
-0.381690845423 0.2396327429684795
-0.380690345173 0.23718246372515978
-0.379689844922 0.23489110482568362
-0.378689344672 0.23219601387392755
-0.377688844422 0.22978634807110487
-0.376688344172 0.22746692981987293
-0.375687843922 0.22541259549887527
-0.374687343672 0.22359490108550173
-0.373686843422 0.22184675603131843
-0.372686343172 0.21981057984435426
-0.371685842921 0.21773304170901359
-0.370685342671 0.21593858953130218
-0.369684842421 0.21378583150034086
-0.368684342171 0.21188775304953403
-0.367683841921 0.21016362279052536
-0.366683341671 0.208620859263097
-0.365682841421 0.20679882665429036
-0.364682341171 0.205188615932485
-0.36368184092 0.20336208439970266
-0.36268134067 0.2016378330542506
-0.36168084042 0.20002946950585782
-0.36068034017 0.19878399356728102
-0.35967983992 0.19698670331086446
-0.35867933967 0.19511018901818422
-0.35767883942 0.1932828059273529
-0.35667833917 0.19148324829263827
-0.355677838919 0.19007182316803084
-0.354677338669 0.18842657453495262
-0.353676838419 0.18683031891838262
-0.352676338169 0.18534787632402072
-0.351675837919 0.18425236082110774
-0.350675337669 0.1826394605429235
-0.349674837419 0.18117211177355041
-0.348674337169 0.17829942230334284
-0.347673836918 0.1759223476435511
-0.346673336668 0.17396139680886402
-0.345672836418 0.17219998170452752
-0.344672336168 0.17015966764298024
-0.343671835918 0.1686437064435495
-0.342671335668 0.16697446958117726
-0.341670835418 0.16524064630240803
-0.340670335168 0.16390625167476813
-0.339669834917 0.1621817199700729
-0.338669334667 0.16076857662196706
-0.337668834417 0.15900295832900876
-0.336668334167 0.15730145306506774
-0.335667833917 0.15610806247843662
-0.334667333667 0.15460154431645445
-0.333666833417 0.15320004403245477
-0.332666333167 0.15197641573088133
-0.331665832916 0.150304136334835
-0.330665332666 0.14904735274494166
-0.329664832416 0.14767094381408094
-0.328664332166 0.14684173277470525
-0.327663831916 0.14558196543726415
-0.326663331666 0.14449413748222878
-0.325662831416 0.14329236152928276
-0.324662331166 0.1419723778110543
-0.323661830915 0.14130253767171982
-0.322661330665 0.1413911557142289
-0.321660830415 0.13973138202069577
-0.320660330165 0.13987311333990415
-0.319659829915 0.1368322366047436
-0.318659329665 0.13271408401071044
-0.317658829415 0.13154975182972967
-0.316658329165 0.12957289706616582
-0.315657828914 0.12827900125810138
-0.314657328664 0.12718616812180186
-0.313656828414 0.12566228597617235
-0.312656328164 0.12445523486154329
-0.311655827914 0.1236045727744657
-0.310655327664 0.1224354160270766
-0.309654827414 0.12032308996242311
-0.308654327164 0.1190726129633838
-0.307653826913 0.11829408586039028
-0.306653326663 0.11748964506125464
-0.305652826413 0.11627920593392878
-0.304652326163 0.11505437390671365
-0.303651825913 0.11397981995320482
-0.302651325663 0.11208624176636596
-0.301650825413 0.11073666778246301
-0.300650325163 0.1097168383348696
-0.299649824912 0.1086612704990559
-0.298649324662 0.10708344863546129
-0.297648824412 0.10565235162785282
-0.296648324162 0.10928056977193965
-0.295647823912 0.10175808799592652
-0.294647323662 0.09964682932076221
-0.293646823412 0.0979033954807414
-0.292646323162 0.09979653566051633
-0.291645822911 0.0991690209336535
-0.290645322661 0.09807772731874513
-0.289644822411 0.09710037576720068
-0.288644322161 0.09622958647194735
-0.287643821911 0.09546033858784414
-0.286643321661 0.09485372190057285
-0.285642821411 0.09402191372436075
-0.284642321161 0.09330510031474415
-0.28364182091 0.09267496886814877
-0.28264132066 0.09209085364250957
-0.28164082041 0.09147245699629453
-0.28064032016 0.09099195610188907
-0.27963981991 0.09053467552055958
-0.27863931966 0.08992496797060988
-0.27763881941 0.08934063405966382
-0.27663831916 0.08905258029260636
-0.275637818909 0.08872135083168324
-0.274637318659 0.08834940799956703
-0.273636818409 0.08803612163485305
-0.272636318159 0.08782908071158502
-0.271635817909 0.08756791166104176
-0.270635317659 0.08760280221942636
-0.269634817409 0.08756918242964046
-0.268634317159 0.08766028896973495
-0.267633816908 0.08686795921166489
-0.266633316658 0.08589435697215352
-0.265632816408 0.0854378090591761
-0.264632316158 0.08516446589444071
-0.263631815908 0.08485443240925344
-0.262631315658 0.08463869077813385
-0.261630815408 0.08395822679616922
-0.260630315158 0.08365591976783707
-0.259629814907 0.08317619921363811
-0.258629314657 0.08290819799823607
-0.257628814407 0.08283193959238054
-0.256628314157 0.08268093201883261
-0.255627813907 0.08238757359030872
-0.254627313657 0.08249756508130143
-0.253626813407 0.082521687825586
-0.252626313157 0.08290063907800857
-0.251625812906 0.08478988371571479
-0.250625312656 0.08659480116546597
-0.249624812406 0.08921214598638039
-0.248624312156 0.08969090351891852
-0.247623811906 0.088462714359588
-0.246623311656 0.08834100913909142
-0.245622811406 0.08894553469668418
-0.244622311156 0.08752584459201887
-0.243621810905 0.08683101008043477
-0.242621310655 0.08534885462064869
-0.241620810405 0.08385564348716766
-0.240620310155 0.08252447378340981
-0.239619809905 0.0813665580780693
-0.238619309655 0.08088225487682761
-0.237618809405 0.08032917272180892
-0.236618309155 0.07977995937453657
-0.235617808904 0.07941572956864315
-0.234617308654 0.07986025450251935
-0.233616808404 0.08314242059693913
-0.232616308154 0.08520698961178338
-0.231615807904 0.09328325163104562
-0.230615307654 0.09580070888609217
-0.229614807404 0.09201095555022015
-0.228614307154 0.09017823015768368
-0.227613806903 0.08725605934966355
-0.226613306653 0.08601119084957971
-0.225612806403 0.09358316907279479
-0.224612306153 0.1162357108711428
-0.223611805903 0.11422022634903226
-0.222611305653 0.10672898255672232
-0.221610805403 0.1064048063160617
-0.220610305153 0.10650653336805714
-0.219609804902 0.10809941948773956
-0.218609304652 0.10906003284983284
-0.217608804402 0.10782543978557647
-0.216608304152 0.10563654707604743
-0.215607803902 0.1048229855682224
-0.214607303652 0.10397662841534495
-0.213606803402 0.10138316816839708
-0.212606303152 0.10017763636587623
-0.211605802901 0.09975312482148817
-0.210605302651 0.09912960299656072
-0.209604802401 0.09770537230201766
-0.208604302151 0.0975521026817116
-0.207603801901 0.0974674187171386
-0.206603301651 0.09713829623162688
-0.205602801401 0.09713595467838504
-0.204602301151 0.09769537977755148
-0.2036018009 0.09856617515276113
-0.20260130065 0.10005557377720915
-0.2016008004 0.10163736744682743
-0.20060030015 0.10494751876894991
-0.1995997999 0.10926097862838266
-0.19859929965 0.1253222566231163
-0.1975987994 0.10447331319790948
-0.19659829915 0.09936994887632578
-0.195597798899 0.09669423842920212
-0.194597298649 0.09058103147612453
-0.193596798399 0.09153152848038908
-0.192596298149 0.09158471590340136
-0.191595797899 0.08824951067522796
-0.190595297649 0.08384993935965177
-0.189594797399 0.08242007629567376
-0.188594297149 0.08135989551945977
-0.187593796898 0.07967740638079499
-0.186593296648 0.07819670731219598
-0.185592796398 0.07574593207052215
-0.184592296148 0.07465151199475642
-0.183591795898 0.07405953348515772
-0.182591295648 0.07304129847439289
-0.181590795398 0.0722830532690167
-0.180590295148 0.07173868092505328
-0.179589794897 0.07079160118971468
-0.178589294647 0.06918746752793403
-0.177588794397 0.0687652616288898
-0.176588294147 0.06741347242820446
-0.175587793897 0.06685210482920209
-0.174587293647 0.06499669939255825
-0.173586793397 0.06400306914943388
-0.172586293147 0.053121731753979495
-0.171585792896 0.05228683368352005
-0.170585292646 0.05201285289363689
-0.169584792396 0.052055308395096915
-0.168584292146 0.051523636287597124
-0.167583791896 0.04997014055505757
-0.166583291646 0.048466737791293256
-0.165582791396 0.0471127804810103
-0.164582291146 0.04614071318734038
-0.163581790895 0.04521013610236804
-0.162581290645 0.0445645712987838
-0.161580790395 0.044188630761981484
-0.160580290145 0.04378225384981327
-0.159579789895 0.043404590784532494
-0.158579289645 0.04315200763000544
-0.157578789395 0.04288944336102603
-0.156578289145 0.04243276415487163
-0.155577788894 0.04168258828900683
-0.154577288644 0.041505771433141735
-0.153576788394 0.04119832204970441
-0.152576288144 0.04062366496763238
-0.151575787894 0.03997592361260191
-0.150575287644 0.03949938824437654
-0.149574787394 0.03889602738422681
-0.148574287144 0.0388243791438865
-0.147573786893 0.03877490014092884
-0.146573286643 0.038940841939683314
-0.145572786393 0.03918818931463431
-0.144572286143 0.03991806743666599
-0.143571785893 0.03859900764629094
-0.142571285643 0.03743067825801591
-0.141570785393 0.037177120065880497
-0.140570285143 0.037422616296943184
-0.139569784892 0.03733917023667926
-0.138569284642 0.036576342135377124
-0.137568784392 0.036609485631322845
-0.136568284142 0.03591629771463562
-0.135567783892 0.0353523544677414
-0.134567283642 0.03621868733451031
-0.133566783392 0.03636551180727588
-0.132566283142 0.036444411286654384
-0.131565782891 0.03636010278574467
-0.130565282641 0.03758834854028083
-0.129564782391 0.03910322581808273
-0.128564282141 0.040396757825425386
-0.127563781891 0.051531814931247755
-0.126563281641 0.016172808345527638
-0.125562781391 0.015942262075265272
-0.124562281141 0.015878046234722117
-0.12356178089 0.01569066983243221
-0.12256128064 0.01488069023284628
-0.12156078039 0.014144325119024886
-0.12056028014 0.013722640681857984
-0.11955977989 0.013531214765107494
-0.11855927964 0.013291714687965037
-0.11755877939 0.01301193022557935
-0.11655827914 0.01275918957789331
-0.115557778889 0.01255169593440222
-0.114557278639 0.012301069639699742
-0.113556778389 0.012068274799388245
-0.112556278139 0.011879059268226928
-0.111555777889 0.011650507721987955
-0.110555277639 0.011496399829341182
-0.109554777389 0.011284303262482174
-0.108554277139 0.011049718307384701
-0.107553776888 0.010787762145401291
-0.106553276638 0.010500011815540404
-0.105552776388 0.010247754279536392
-0.104552276138 0.010039909542930065
-0.103551775888 0.009957956481226469
-0.102551275638 0.009650288744506054
-0.101550775388 0.009198342516197602
-0.100550275138 0.008665509530420789
-0.0995497748874 0.008026422634765152
-0.0985492746373 0.0075555021108978495
-0.0975487743872 0.0073452504377058535
-0.0965482741371 0.0071692505389713
-0.0955477738869 0.006871399003740741
-0.0945472736368 0.00656392351618185
-0.0935467733867 0.00641888898871467
-0.0925462731366 0.0063022442728657285
-0.0915457728864 0.006119981346607954
-0.0905452726363 0.005766603012969192
-0.0895447723862 0.005711680754408351
-0.0885442721361 0.005588620197722153
-0.0875437718859 0.00531966923451249
-0.0865432716358 0.005241414077934823
-0.0855427713857 0.005058712167248209
-0.0845422711356 0.007267199430746632
-0.0835417708854 0.007283682771544193
-0.0825412706353 0.007235738553373735
-0.0815407703852 0.007183641110176618
-0.0805402701351 0.007066244029250136
-0.0795397698849 0.007001006904053801
-0.0785392696348 0.006935500554069918
-0.0775387693847 0.006868251486949241
-0.0765382691346 0.006810219666422999
-0.0755377688844 0.006762732549155198
-0.0745372686343 0.006697646513111292
-0.0735367683842 0.0066153331956425015
-0.0725362681341 0.006553526719947669
-0.0715357678839 0.006497540428330296
-0.0705352676338 0.006456450292978459
-0.0695347673837 0.00639305225318737
-0.0685342671336 0.006365268157415234
-0.0675337668834 0.006322526194102146
-0.0665332666333 0.006275959095961061
-0.0655327663832 0.006217952281195391
-0.0645322661331 0.006150228379769866
-0.0635317658829 0.006125596362804576
-0.0625312656328 0.006083091175231054
-0.0615307653827 0.006062018659330799
-0.0605302651326 0.006043611820551545
-0.0595297648824 0.0060161175836224426
-0.0585292646323 0.005983384529995456
-0.0575287643822 0.005928923974359562
-0.0565282641321 0.005882474170277118
-0.0555277638819 0.0058958773319932505
-0.0545272636318 0.0058979244239037625
-0.0535267633817 0.005892593078115584
-0.0525262631316 0.0058704366780274655
-0.0515257628814 0.005844902867537628
-0.0505252626313 0.005867726782172458
-0.0495247623812 0.005908008860384317
-0.0485242621311 0.005947908582907869
-0.0475237618809 0.006008481328466811
-0.0465232616308 0.006423548992717457
-0.0455227613807 0.006056573571392561
-0.0445222611306 0.0058925411358568035
-0.0435217608804 0.0061197180560491
-0.0425212606303 0.006884000533330608
-0.0415207603802 0.006850876277014724
-0.0405202601301 0.006961814036808406
-0.0395197598799 0.007078716634955026
-0.0385192596298 0.007007188585990296
-0.0375187593797 0.006854203866625961
-0.0365182591296 0.006757395454573366
-0.0355177588794 0.006899111238084766
-0.0345172586293 0.007086259491924444
-0.0335167583792 0.006763991903963935
-0.0325162581291 0.006691122462684395
-0.0315157578789 0.007134179740685613
-0.0305152576288 0.00658337368543911
-0.0295147573787 0.0075885268739049085
-0.0285142571286 0.0012111995696109093
-0.0275137568784 0.001194307337179879
-0.0265132566283 0.0011782772475856314
-0.0255127563782 0.00116210395118208
-0.0245122561281 0.0011382988683202636
-0.0235117558779 0.0011199372820552837
-0.0225112556278 0.0011007639859688316
-0.0215107553777 0.0010821176649065062
-0.0205102551276 0.0010614049457455896
-0.0195097548774 0.0010375477475587061
-0.0185092546273 0.0010056336621017043
-0.0175087543772 0.0009794392207674808
-0.0165082541271 0.0009557894633260737
-0.0155077538769 0.000962073838151025
-0.0145072536268 0.000895632347292348
-0.0135067533767 0.0008651474931354868
-0.0125062531266 0.0008696355354737507
-0.0115057528764 0.0008655993863706552
-0.0105052526263 0.0007928492728044168
-0.00950475237619 0.0007128057816098029
-0.00850425212606 0.0006192439203691806
-0.00750375187594 0.0005976479440973129
-0.00650325162581 0.0005759993045120313
-0.00550275137569 0.000526440459429043
-0.00450225112556 0.00047207727458980266
-0.00350175087544 0.0004032952955070936
-0.00250125062531 0.0004056936952108327
-0.00150075037519 0.00036510598482848033
-0.000500250125063 0.00029906729689519905
0.000500250125063 0.000668350828894768
0.00150075037519 0.0013786064751111077
0.00250125062531 0.0018836844276173795
0.00350175087544 0.0031416326413366757
0.00450225112556 0.0017816364051619527
0.00550275137569 0.0019046468118482246
0.00650325162581 0.0020276572185344947
0.00750375187594 0.0021506676252207664
0.00850425212606 0.002324822001326858
0.00950475237619 0.0025165333766557834
0.0105052526263 0.0027671349274179338
0.0115057528764 0.0024502085221310265
0.0125062531266 0.0023697463246844606
0.0135067533767 0.00231512915868883
0.0145072536268 0.0024452321160930604
0.0155077538769 0.0025753350734972653
0.0165082541271 0.0027054380309014716
0.0175087543772 0.002835540988305674
0.0185092546273 0.0029742669239586532
0.0195097548774 0.0031253726588728564
0.0205102551276 0.0029857467302277087
0.0215107553777 0.0031501355961773107
0.0225112556278 0.0031075199888803825
0.0235117558779 0.0030649043815834573
0.0245122561281 0.003058263496262308
0.0255127563782 0.0030692936053168356
0.0265132566283 0.003228775253447193
0.0275137568784 0.0033882569015775436
0.0285142571286 0.0035477385497079085
0.0295147573787 0.0037072201978382673
0.0305152576288 0.0038667138184022335
0.0315157578789 0.0040282388923425705
0.0325162581291 0.0037742720590207427
0.0335167583792 0.003963454348458709
0.0345172586293 0.003970305016708241
0.0355177588794 0.003983412587295109
0.0365182591296 0.003996520157881989
0.0375187593797 0.004009627728468868
0.0385192596298 0.004126965212004175
0.0395197598799 0.00431770998571586
0.0405202601301 0.004519415098974464
0.0415207603802 0.00472135423024463
0.0425212606303 0.004923293361514809
0.0435217608804 0.005093630708227476
0.0445222611306 0.004800972760396844
0.0455227613807 0.005021382398651302
0.0465232616308 0.0050412426873104425
0.0475237618809 0.005061200104674603
0.0485242621311 0.0050823308232950575
0.0495247623812 0.005104987053109925
0.0505252626313 0.005229147382941989
0.0515257628814 0.0054572327516891365
0.0525262631316 0.005686247417413649
0.0535267633817 0.0059152620831381545
0.0545272636318 0.006144276748862676
0.0555277638819 0.0061092338896159264
0.0565282641321 0.005834484884139241
0.0575287643822 0.006069702426347022
0.0585292646323 0.006106952093056917
0.0595297648824 0.006145205938817698
0.0605302651326 0.006202958629450543
0.0615307653827 0.0062690626902443015
0.0625312656328 0.006366284189227762
0.0635317658829 0.006579837928192188
0.0645322661331 0.006793391667156586
0.0655327663832 0.007044794879096738
0.0665332666333 0.0071520472430675885
0.0675337668834 0.006975096445574674
0.0685342671336 0.0069252708414295604
0.0695347673837 0.006878262021209709
0.0705352676338 0.007122396115195359
0.0715357678839 0.007145635645046734
0.0725362681341 0.007245126773474054
0.0735367683842 0.0073453787438206904
0.0745372686343 0.007445413348146152
0.0755377688844 0.0076160133227989295
0.0765382691346 0.007625924483844895
0.0775387693847 0.007813118034831245
0.0785392696348 0.007948437372428358
0.0795397698849 0.007974559865915044
0.0805402701351 0.007943552515983547
0.0815407703852 0.007921203584724512
0.0825412706353 0.007982846569744755
0.0835417708854 0.008044479229424858
0.0845422711356 0.008108291150574948
0.0855427713857 0.008147047580283442
0.0865432716358 0.008219946747033751
0.0875437718859 0.008278470153609881
0.0885442721361 0.008368356551288387
0.0895447723862 0.008459952318070266
0.0905452726363 0.00854414969801691
0.0915457728864 0.00859404017896155
0.0925462731366 0.00858131288873369
0.0935467733867 0.008550117435690655
0.0945472736368 0.008544234449372903
0.0955477738869 0.00857569024620344
0.0965482741371 0.00861248272022034
0.0975487743872 0.008653983461853766
0.0985492746373 0.00869639988407874
0.0995497748874 0.008728450274999222
0.100550275138 0.008768968742207074
0.101550775388 0.008798781305283568
0.102551275638 0.008834842359883393
0.103551775888 0.008871696392806612
0.104552276138 0.008911780147766259
0.105552776388 0.008953903093856632
0.106553276638 0.010357666762615006
0.107553776888 0.01041601341381075
0.108554277139 0.010562529617156546
0.109554777389 0.010442985868552319
0.110555277639 0.010357600416232167
0.111555777889 0.010370078763205056
0.112556278139 0.010380628101354655
0.113556778389 0.010431398986656864
0.114557278639 0.010428617182863196
0.115557778889 0.010416054902977215
0.11655827914 0.01046326213958489
0.11755877939 0.010435612810966792
0.11855927964 0.01045218457001452
0.11955977989 0.010463181566654439
0.12056028014 0.010484699316994533
0.12156078039 0.010522696838877127
0.12256128064 0.010533472559542496
0.12356178089 0.010530215382202245
0.124562281141 0.011336268128955228
0.125562781391 0.01154238515002612
0.126563281641 0.011455635083340843
0.127563781891 0.01142112701717939
0.128564282141 0.01142057861336477
0.129564782391 0.011407339087100812
0.130565282641 0.011427617678567412
0.131565782891 0.011366133545527509
0.132566283142 0.011361240250237478
0.133566783392 0.011341472089863186
0.134567283642 0.011359012171637841
0.135567783892 0.011393319198809657
0.136568284142 0.011406290588573145
0.137568784392 0.012923306075091703
0.138569284642 0.01955574119628916
0.139569784892 0.019442940047756724
0.140570285143 0.018677866119914514
0.141570785393 0.019050025687913832
0.142571285643 0.019669265033510075
0.143571785893 0.019828271603975888
0.144572286143 0.019368592755945123
0.145572786393 0.019114127440322516
0.146573286643 0.01907565126354342
0.147573786893 0.01918665260003638
0.148574287144 0.019337638733794998
0.149574787394 0.019538690007287966
0.150575287644 0.01968311737170874
0.151575787894 0.019757014062134422
0.152576288144 0.020300371753438764
0.153576788394 0.020172297582205866
0.154577288644 0.020009493166015708
0.155577788894 0.02105725334495335
0.156578289145 0.021566577817911266
0.157578789395 0.02143804080759148
0.158579289645 0.021435892589087055
0.159579789895 0.021692130678279943
0.160580290145 0.02175779356323438
0.161580790395 0.021776635365383126
0.162581290645 0.021690654154096916
0.163581790895 0.021460613326573477
0.164582291146 0.0212771319193343
0.165582791396 0.021320843602488402
0.166583291646 0.02130252791604054
0.167583791896 0.02132067232077826
0.168584292146 0.0214094980218765
0.169584792396 0.02151573105484426
0.170585292646 0.02134461111971307
0.171585792896 0.021253757742851948
0.172586293147 0.021513146696216737
0.173586793397 0.021504295577808925
0.174587293647 0.02192248065832341
0.175587793897 0.022441942096907207
0.176588294147 0.021913016877330167
0.177588794397 0.021465878267370203
0.178589294647 0.021191028256397435
0.179589794897 0.021001680312495045
0.180590295148 0.020790096187720132
0.181590795398 0.020635046071581526
0.182591295648 0.020460922248633513
0.183591795898 0.020350292841462905
0.184592296148 0.020256822922000945
0.185592796398 0.020175492038336507
0.186593296648 0.020088249478184165
0.187593796898 0.019998668398516297
0.188594297149 0.019937612440139543
0.189594797399 0.019883238540144784
0.190595297649 0.019812331691406233
0.191595797899 0.01975816957378581
0.192596298149 0.019710203370773408
0.193596798399 0.01965580248155271
0.194597298649 0.020225261277275104
0.195597798899 0.04508878104661156
0.19659829915 0.05176391204447121
0.1975987994 0.04393094376278784
0.19859929965 0.0390831469643373
0.1995997999 0.03865481305263836
0.20060030015 0.03889183911865055
0.2016008004 0.03877607244478139
0.20260130065 0.03698858482690079
0.2036018009 0.03644946953115217
0.204602301151 0.03629354142541295
0.205602801401 0.03625595465951707
0.206603301651 0.03624754011720528
0.207603801901 0.03632346158530977
0.208604302151 0.036306374794607285
0.209604802401 0.03579953958558906
0.210605302651 0.0353964514802646
0.211605802901 0.03524702728625307
0.212606303152 0.035164437307716394
0.213606803402 0.03509868584564808
0.214607303652 0.035083866432581504
0.215607803902 0.03504394685636237
0.216608304152 0.03524118708235019
0.217608804402 0.035504736209704596
0.218609304652 0.03565291892330113
0.219609804902 0.03566584445848969
0.220610305153 0.035569886438946895
0.221610805403 0.0357072144938759
0.222611305653 0.03551986030522564
0.223611805903 0.03532878718775912
0.224612306153 0.035165831804646316
0.225612806403 0.03504405727513605
0.226613306653 0.035028630063367205
0.227613806903 0.03501817848645114
0.228614307154 0.03507239820015144
0.229614807404 0.035121480514707176
0.230615307654 0.03516106268395361
0.231615807904 0.03507496473699459
0.232616308154 0.03483891585587707
0.233616808404 0.034572672044236044
0.234617308654 0.034351221223341284
0.235617808904 0.034275020686338434
0.236618309155 0.034207654984295496
0.237618809405 0.03399627775597582
0.238619309655 0.03386505312114777
0.239619809905 0.033777843580206975
0.240620310155 0.033772831737457994
0.241620810405 0.033733844503002174
0.242621310655 0.033709744440037305
0.243621810905 0.03368639585772173
0.244622311156 0.033644474268471426
0.245622811406 0.03364507568077978
0.246623311656 0.03363586479283563
0.247623811906 0.03361136078211652
0.248624312156 0.03360937406502457
0.249624812406 0.033439508531180016
0.250625312656 0.033353518167016066
0.251625812906 0.03311993167831912
0.252626313157 0.03299803757680055
0.253626813407 0.032888212855128905
0.254627313657 0.03278903058627144
0.255627813907 0.032693862955813086
0.256628314157 0.03265541740828619
0.257628814407 0.03261119131745596
0.258629314657 0.03257386248564212
0.259629814907 0.03253703893860976
0.260630315158 0.03245036917835063
0.261630815408 0.03238454956194599
0.262631315658 0.032354254659327474
0.263631815908 0.0323525338572406
0.264632316158 0.03235791852613574
0.265632816408 0.03256837002364186
0.266633316658 0.03277208491224456
0.267633816908 0.03296703909739593
0.268634317159 0.03320103075322569
0.269634817409 0.03344728018229116
0.270635317659 0.03332306104141419
0.271635817909 0.033300741517460986
0.272636318159 0.03337966225619499
0.273636818409 0.033440089652384514
0.274637318659 0.03383442365493869
0.275637818909 0.03344186433831864
0.27663831916 0.033528804501403456
0.27763881941 0.033466106667994024
0.27863931966 0.03351821155577778
0.27963981991 0.033583704842354505
0.28064032016 0.03379396024100558
0.28164082041 0.033865762172282265
0.28264132066 0.033893194722341535
0.28364182091 0.03386518446804968
0.284642321161 0.03378785879937306
0.285642821411 0.03373563488960217
0.286643321661 0.03376020562053702
0.287643821911 0.03376436924692318
0.288644322161 0.033805142708662785
0.289644822411 0.03389476605650108
0.290645322661 0.03396858544672783
0.291645822911 0.034002051191761175
0.292646323162 0.03427469747152675
0.293646823412 0.03559300891344785
0.294647323662 0.03690258737316194
0.295647823912 0.03821818926594367
0.296648324162 0.03954192297248008
0.297648824412 0.040128031445321004
0.298649324662 0.03950292713097846
0.299649824912 0.039122049541925795
0.300650325163 0.03866946463880798
0.301650825413 0.03891883685031981
0.302651325663 0.03958325713046819
0.303651825913 0.041660258867424235
0.304652326163 0.039967853828704526
0.305652826413 0.0401838315003529
0.306653326663 0.04042730171827441
0.307653826913 0.040735690540102974
0.308654327164 0.041046508458728384
0.309654827414 0.041196917441732366
0.310655327664 0.04112300307184156
0.311655827914 0.04108633857440259
0.312656328164 0.04147639922543172
0.313656828414 0.041284268650141336
0.314657328664 0.04140592933707048
0.315657828914 0.041612658952203736
0.316658329165 0.04185106252418934
0.317658829415 0.042081613978284776
0.318659329665 0.042190414013395676
0.319659829915 0.04278274178999101
0.320660330165 0.043125012071674095
0.321660830415 0.0429204990162446
0.322661330665 0.042816868075588474
0.323661830915 0.042810255581255195
0.324662331166 0.043773505697127374
0.325662831416 0.04488047521630405
0.326663331666 0.044539717635692304
0.327663831916 0.044988155291844564
0.328664332166 0.046199161262977365
0.329664832416 0.04616383996724545
0.330665332666 0.045080159428578646
0.331665832916 0.04436899860015391
0.332666333167 0.04411001182776086
0.333666833417 0.04386444966722031
0.334667333667 0.04369681197665777
0.335667833917 0.04354348647289821
0.336668334167 0.04344700374807097
0.337668834417 0.043374808252791934
0.338669334667 0.04348678660480617
0.339669834917 0.04352413322279497
0.340670335168 0.04354973599228927
0.341670835418 0.04378498526403361
0.342671335668 0.04361128856437133
0.343671835918 0.04352921057763367
0.344672336168 0.04348289768171456
0.345672836418 0.04343229123378547
0.346673336668 0.04339118330785108
0.347673836918 0.04350814283070775
0.348674337169 0.043813219490616444
0.349674837419 0.04411976951677252
0.350675337669 0.0446105648384205
0.351675837919 0.04493545033791342
0.352676338169 0.04431397174706116
0.353676838419 0.04429434737436469
0.354677338669 0.04455778762668851
0.355677838919 0.04512297635400333
0.35667833917 0.04603394450310499
0.35767883942 0.045747937971371375
0.35867933967 0.04597094037743818
0.35967983992 0.04623140773909353
0.36068034017 0.04660834698937662
0.36168084042 0.04644513953345727
0.36268134067 0.04636284131803893
0.36368184092 0.04644838529231045
0.364682341171 0.046482290176015774
0.365682841421 0.04658289427016273
0.366683341671 0.046396149484996804
0.367683841921 0.046501332839770274
0.368684342171 0.04646674373022653
0.369684842421 0.046596809808808086
0.370685342671 0.04675339953152242
0.371685842921 0.046951639171523826
0.372686343172 0.046986658840000986
0.373686843422 0.04713885834509415
0.374687343672 0.04718504881859917
0.375687843922 0.047193697536343074
0.376688344172 0.047178205963410484
0.377688844422 0.04714332561683049
0.378689344672 0.04711510667452733
0.379689844922 0.047189721428753884
0.380690345173 0.047927096790139075
0.381690845423 0.048761279092460384
0.382691345673 0.04959312208947784
0.383691845923 0.05047180988992024
0.384692346173 0.0511840301451295
0.385692846423 0.05144876886801836
0.386693346673 0.051860613767778355
0.387693846923 0.05236145910780156
0.388694347174 0.05491367817221492
0.389694847424 0.05330695210926831
0.390695347674 0.05327553777632864
0.391695847924 0.0539489722839217
0.392696348174 0.05449039623936875
0.393696848424 0.0542937468483648
0.394697348674 0.05456963418689902
0.395697848924 0.05485133577775322
0.396698349175 0.05530505930105102
0.397698849425 0.055296431015954425
0.398699349675 0.054859011021383214
0.399699849925 0.054501261074023054
0.400700350175 0.054398111251078636
0.401700850425 0.05438118667251403
0.402701350675 0.05437110109595468
0.403701850925 0.054464437029305035
0.404702351176 0.054509581085109206
0.405702851426 0.05432956443556971
0.406703351676 0.05459159892191109
0.407703851926 0.05490573352502136
0.408704352176 0.05467894499769249
0.409704852426 0.054655282590027436
0.410705352676 0.05463954100450742
0.411705852926 0.054660976309336216
0.412706353177 0.054775970146507945
0.413706853427 0.05466976226326083
0.414707353677 0.054730982702166815
0.415707853927 0.05491904257163796
0.416708354177 0.05498375410907583
0.417708854427 0.05507504184698719
0.418709354677 0.05497868986121453
0.419709854927 0.054968262379494426
0.420710355178 0.05505242661046459
0.421710855428 0.05586332547194006
0.422711355678 0.05602542234122425
0.423711855928 0.05619462632409098
0.424712356178 0.056771041509235454
0.425712856428 0.057325413185115075
0.426713356678 0.05670868050916999
0.427713856928 0.05662358306203197
0.428714357179 0.05650609350174829
0.429714857429 0.056488511464501526
0.430715357679 0.056476182197663066
0.431715857929 0.056490327608179326
0.432716358179 0.05655894299442117
0.433716858429 0.05667814694711853
0.434717358679 0.056837521340586415
0.435717858929 0.057009728454885465
0.43671835918 0.0571856521381547
0.43771885943 0.057239259509056895
0.43871935968 0.0572698319704163
0.43971985993 0.05754938722068728
0.44072036018 0.05750471880506107
0.44172086043 0.057950991150450264
0.44272136068 0.05906717032921459
0.44372186093 0.060133530178243064
0.444722361181 0.061204270870473414
0.445722861431 0.06313098269916687
0.446723361681 0.06488841383253607
0.447723861931 0.06267041189316822
0.448724362181 0.06236397107494153
0.449724862431 0.06253218639418451
0.450725362681 0.0627684742870837
0.451725862931 0.0630333627250158
0.452726363182 0.06330991009811517
0.453726863432 0.06379527853777152
0.454727363682 0.06500135963483214
0.455727863932 0.0648169128695862
0.456728364182 0.0646446124613027
0.457728864432 0.06530980356236701
0.458729364682 0.06587244333518055
0.459729864932 0.06647877371013046
0.460730365183 0.06984196185002978
0.461730865433 0.06929291949260598
0.462731365683 0.06701710242941554
0.463731865933 0.06656620041133128
0.464732366183 0.06624977818225396
0.465732866433 0.06609069785525087
0.466733366683 0.06592600827573217
0.467733866933 0.06572922070899287
0.468734367184 0.06584894447855548
0.469734867434 0.06572390189751677
0.470735367684 0.06570095733864484
0.471735867934 0.06568755801546862
0.472736368184 0.06572005500067385
0.473736868434 0.06583206068867785
0.474737368684 0.06581722336565501
0.475737868934 0.06583521442175307
0.476738369185 0.06586701885469398
0.477738869435 0.06591082507124985
0.478739369685 0.06596027737090453
0.479739869935 0.0661238149929139
0.480740370185 0.06634953412744012
0.481740870435 0.06658768862893659
0.482741370685 0.06679989128021228
0.483741870935 0.06688379502737096
0.484742371186 0.066844197816185
0.485742871436 0.06683066522079284
0.486743371686 0.06692260839249065
0.487743871936 0.06703582428768137
0.488744372186 0.06718963505272235
0.489744872436 0.06737279092423858
0.490745372686 0.06760990205251403
0.491745872936 0.06777397112899641
0.492746373187 0.06876893139164668
0.493746873437 0.06931811001326507
0.494747373687 0.06963343822120674
0.495747873937 0.06993719999904043
0.496748374187 0.07048400978595076
0.497748874437 0.07073222657007368
0.498749374687 0.07094800272455626
0.499749874937 0.07125240993895413
0.500750375188 0.07162540322913107
0.501750875438 0.07203128991726127
0.502751375688 0.07232741904695061
0.503751875938 0.07268901526594626
0.504752376188 0.07294875748145631
0.505752876438 0.07315887896429302
0.506753376688 0.0735144467568318
0.507753876938 0.07370367893969226
0.508754377189 0.07378341242548596
0.509754877439 0.07402765226690872
0.510755377689 0.07407533284327997
0.511755877939 0.07456003480329126
0.512756378189 0.07472016799742062
0.513756878439 0.07488320301477952
0.514757378689 0.07501399656521318
0.515757878939 0.07512735116213277
0.51675837919 0.07515867276821513
0.51775887944 0.07526684546367092
0.51875937969 0.07563873101291305
0.51975987994 0.07604738221555653
0.52076038019 0.0767739919477151
0.52176088044 0.07778741608022964
0.52276138069 0.07749202522150112
0.52376188094 0.07739296848954084
0.524762381191 0.07724411055882337
0.525762881441 0.07705481867718786
0.526763381691 0.0773563477082042
0.527763881941 0.07755720407038665
0.528764382191 0.07807674419895634
0.529764882441 0.07828516300089067
0.530765382691 0.07830964600313964
0.531765882941 0.07825288470730268
0.532766383192 0.07802665984212308
0.533766883442 0.07831380106258548
0.534767383692 0.07819263112166755
0.535767883942 0.07840012000906306
0.536768384192 0.07873528122483679
0.537768884442 0.0791312174801413
0.538769384692 0.08015367636008613
0.539769884942 0.07995516421768939
0.540770385193 0.08034546578094585
0.541770885443 0.08057269509170868
0.542771385693 0.08228142271380073
0.543771885943 0.08169953815228569
0.544772386193 0.08063857349704139
0.545772886443 0.08050846029108535
0.546773386693 0.08021266633395044
0.547773886943 0.08002799931598144
0.548774387194 0.0803677734026984
0.549774887444 0.08007611886162307
0.550775387694 0.07975319163275572
0.551775887944 0.07968986521737705
0.552776388194 0.08004184190634
0.553776888444 0.08051865786902473
0.554777388694 0.08108426768593201
0.555777888944 0.08269180249853782
0.556778389195 0.08157049839107021
0.557778889445 0.08223958855823639
0.558779389695 0.08237802492696743
0.559779889945 0.084155881456133
0.560780390195 0.08295910420965738
0.561780890445 0.08284594488257332
0.562781390695 0.0829517631126872
0.563781890945 0.08298717123574256
0.564782391196 0.08327423139994035
0.565782891446 0.08436250553584887
0.566783391696 0.08551438134227303
0.567783891946 0.08747591597487754
0.568784392196 0.08768053302402715
0.569784892446 0.08762722214636538
0.570785392696 0.08755765718901073
0.571785892946 0.08708559128962803
0.572786393197 0.0858836458171938
0.573786893447 0.08576532058040931
0.574787393697 0.08575428515682262
0.575787893947 0.0858537579368064
0.576788394197 0.08622757063018116
0.577788894447 0.08651596904054877
0.578789394697 0.08708981678478875
0.579789894947 0.08679804834162319
0.580790395198 0.0868417468453624
0.581790895448 0.08794915777295573
0.582791395698 0.08727659099228774
0.583791895948 0.0879594988251087
0.584792396198 0.08876780845810883
0.585792896448 0.08889899975573948
0.586793396698 0.0904511373075579
0.587793896948 0.09197323598329926
0.588794397199 0.09151207401201354
0.589794897449 0.09244195266557241
0.590795397699 0.09547852996745154
0.591795897949 0.09303318464479056
0.592796398199 0.09318218309855585
0.593796898449 0.09400481987641449
0.594797398699 0.09394700460828709
0.595797898949 0.09427238870167724
0.5967983992 0.09486438312265467
0.59779889945 0.09529065316530567
0.5987993997 0.09614499959720761
0.59979989995 0.09819340479722138
0.6008004002 0.0963626100143276
0.60180090045 0.10194654950359754
0.6028014007 0.10776317133424144
0.60380190095 0.11330788293987601
0.604802401201 0.11862848332378177
0.605802901451 0.11936187821378665
0.606803401701 0.12367952407642664
0.607803901951 0.12150349458744741
0.608804402201 0.1178372469365292
0.609804902451 0.11418391118367363
0.610805402701 0.11327288707012229
0.611805902951 0.11233455410474329
0.612806403202 0.1115078826725792
0.613806903452 0.11171961124406006
0.614807403702 0.11181177741698356
0.615807903952 0.11188523922056245
0.616808404202 0.11194736836344894
0.617808904452 0.11171223071631986
0.618809404702 0.11145115324033471
0.619809904952 0.11198404182269887
0.620810405203 0.11365924103339305
0.621810905453 0.11283015132867844
0.622811405703 0.1117123935317621
0.623811905953 0.11029028650332812
0.624812406203 0.10967039971111857
0.625812906453 0.10880889650145523
0.626813406703 0.10842225356047358
0.627813906953 0.10864738497332108
0.628814407204 0.10850612751833005
0.629814907454 0.10850077848997472
0.630815407704 0.10871468039007072
0.631815907954 0.11123299015148956
0.632816408204 0.10928745982836838
0.633816908454 0.109267908291138
0.634817408704 0.10811833691878497
0.635817908954 0.10798742448473755
0.636818409205 0.10792388167235935
0.637818909455 0.10773536149168947
0.638819409705 0.10745231139255661
0.639819909955 0.10723093342677106
0.640820410205 0.1072958649612366
0.641820910455 0.10737605718488313
0.642821410705 0.10739479380100714
0.643821910955 0.10753033421831984
0.644822411206 0.10768165996643107
0.645822911456 0.10778822845662142
0.646823411706 0.10783420159036085
0.647823911956 0.109097232594689
0.648824412206 0.11478373769858391
0.649824912456 0.11777076116297727
0.650825412706 0.1206384671261515
0.651825912956 0.12330892056764464
0.652826413207 0.12559459742925094
0.653826913457 0.12641641325506087
0.654827413707 0.1247401618488303
0.655827913957 0.12442866298349924
0.656828414207 0.12415766083015915
0.657828914457 0.12448493798318241
0.658829414707 0.1250285228500022
0.659829914957 0.12590835655194973
0.660830415208 0.12666475088508422
0.661830915458 0.12740334630053285
0.662831415708 0.12903281224140337
0.663831915958 0.1297530567792622
0.664832416208 0.12937702452749344
0.665832916458 0.12999192486414585
0.666833416708 0.13042392354976795
0.667833916958 0.13120271637719624
0.668834417209 0.13200322556023814
0.669834917459 0.1320824465625069
0.670835417709 0.13181563676689687
0.671835917959 0.132751600343401
0.672836418209 0.13417248705568152
0.673836918459 0.13555809313765366
0.674837418709 0.1359217232448906
0.675837918959 0.13593214725399216
0.67683841921 0.1382354036162171
0.67783891946 0.14118375082420495
0.67883941971 0.1443128187646331
0.67983991996 0.14977089795293352
0.68084042021 0.15081231381522964
0.68184092046 0.15732177401964065
0.68284142071 0.163119093220422
0.68384192096 0.16963358508595727
0.684842421211 0.1759613693267725
0.685842921461 0.1931036725304028
0.686843421711 0.19416255036637323
0.687843921961 0.18559069363134284
0.688844422211 0.17465270792137286
0.689844922461 0.16754517020932047
0.690845422711 0.16455700813683793
0.691845922961 0.1653116973830843
0.692846423212 0.17699698309673215
0.693846923462 0.17576177712939983
0.694847423712 0.1766924704455766
0.695847923962 0.17504997360001745
0.696848424212 0.1718866250010452
0.697848924462 0.17154955363755364
0.698849424712 0.17079084190563817
0.699849924962 0.1792740854530326
0.700850425213 0.18434203128997245
0.701850925463 0.17969814112519297
0.702851425713 0.18106849228377891
0.703851925963 0.18099263564368562
0.704852426213 0.17781747450928265
0.705852926463 0.17606278463970296
0.706853426713 0.17671616162781442
0.707853926963 0.17858567616340243
0.708854427214 0.18425426950805937
0.709854927464 0.183801331348431
0.710855427714 0.18224567489128674
0.711855927964 0.18359178525353395
0.712856428214 0.18515791414708077
0.713856928464 0.18849204768209754
0.714857428714 0.18592864515174165
0.715857928964 0.18754486051086558
0.716858429215 0.1842940109150638
0.717858929465 0.18395418722250326
0.718859429715 0.18337377348432227
0.719859929965 0.1824960214655703
0.720860430215 0.18060730540517309
0.721860930465 0.18009069892344443
0.722861430715 0.17941459433938156
0.723861930965 0.17898413989716444
0.724862431216 0.17845887451716735
0.725862931466 0.17874595274105395
0.726863431716 0.1789288484808013
0.727863931966 0.17904686596645267
0.728864432216 0.17927907986714725
0.729864932466 0.17933524142837362
0.730865432716 0.17968637012770697
0.731865932966 0.17930442883471112
0.732866433217 0.18004087958202483
0.733866933467 0.18019714167501885
0.734867433717 0.18140132958354
0.735867933967 0.18111295890584858
0.736868434217 0.18141561426983277
0.737868934467 0.18208987715301853
0.738869434717 0.18255899010417384
0.739869934967 0.18305689476317524
0.740870435218 0.18431984809699795
0.741870935468 0.1841893457250332
0.742871435718 0.18456085010381615
0.743871935968 0.18761082644559587
0.744872436218 0.1889968211522161
0.745872936468 0.1880790409431195
0.746873436718 0.19430163057397257
0.747873936968 0.19901243479148892
0.748874437219 0.2005441165380343
0.749874937469 0.19872642362997683
0.750875437719 0.1999311618225467
0.751875937969 0.20062402374572855
0.752876438219 0.20024218718997008
0.753876938469 0.20218866055922946
0.754877438719 0.20340260780838862
0.755877938969 0.20196167168881862
0.75687843922 0.20120383024083816
0.75787893947 0.20116520839421717
0.75887943972 0.20125519612389267
0.75987993997 0.2018678037778009
0.76088044022 0.2030529790024458
0.76188094047 0.20516622660693484
0.76288144072 0.20878618078054204
0.76388194097 0.2183163714643641
0.764882441221 0.2112289010758209
0.765882941471 0.20786959263653504
0.766883441721 0.2068083699565495
0.767883941971 0.2074401111105428
0.768884442221 0.21228185599635338
0.769884942471 0.20854968961075485
0.770885442721 0.2913735816158727
0.771885942971 0.26774080050574284
0.772886443222 0.2710947095193731
0.773886943472 0.28139001394678465
0.774887443722 0.26654685735078965
0.775887943972 0.2615651834703767
0.776888444222 0.25885226564164776
0.777888944472 0.24911943856148142
0.778889444722 0.24605363634950758
0.779889944972 0.24675074891194923
0.780890445223 0.2426639767676591
0.781890945473 0.24235412353327782
0.782891445723 0.2402641514853802
0.783891945973 0.24006145244410765
0.784892446223 0.24037342496102615
0.785892946473 0.23563327804641473
0.786893446723 0.2332685707637101
0.787893946973 0.23197354962495512
0.788894447224 0.23066070647804315
0.789894947474 0.22937791875440502
0.790895447724 0.2295191869831266
0.791895947974 0.23107601059245006
0.792896448224 0.2301872296336043
0.793896948474 0.23063109105589752
0.794897448724 0.23111739445326493
0.795897948974 0.2325282783262773
0.796898449225 0.23332826784180685
0.797898949475 0.234441459896727
0.798899449725 0.23662680831712174
0.799899949975 0.2354391838767274
0.800900450225 0.2358976587709395
0.801900950475 0.23454225810451157
0.802901450725 0.2341890823046281
0.803901950975 0.23519717429415568
0.804902451226 0.23582576226908977
0.805902951476 0.23525924580040383
0.806903451726 0.23492035119664048
0.807903951976 0.2340366550371187
0.808904452226 0.23645783140025053
0.809904952476 0.23906232828751542
0.810905452726 0.2677521242422666
0.811905952976 0.2644827433787539
0.812906453227 0.2641930585286829
0.813906953477 0.2576998270801797
0.814907453727 0.25808784157233255
0.815907953977 0.2590746108028786
0.816908454227 0.2583120317585755
0.817908954477 0.25533809943530145
0.818909454727 0.2561590224971972
0.819909954977 0.26500919461618033
0.820910455228 0.27002886664801484
0.821910955478 0.26379066161026304
0.822911455728 0.2712696975542771
0.823911955978 0.2778340590807262
0.824912456228 0.3425450432154634
0.825912956478 0.2770835037849279
0.826913456728 0.2698419006431112
0.827913956978 0.26457039434004204
0.828914457229 0.260204307548284
0.829914957479 0.2567298282774278
0.830915457729 0.25609273350127293
0.831915957979 0.24935386929227696
0.832916458229 0.24477086872685738
0.833916958479 0.24270014173688564
0.834917458729 0.2388926957324134
0.835917958979 0.2394877410660994
0.83691845923 0.2483584475430456
0.83791895948 0.22210620114481575
0.83891945973 0.20594486144954918
0.83991995998 0.2012187631560766
0.84092046023 0.19885771249312587
0.84192096048 0.19776452312872236
0.84292146073 0.19681531699390586
0.84392196098 0.19595649594114148
0.844922461231 0.1950605459643901
0.845922961481 0.1934783202621743
0.846923461731 0.19326935103785822
0.847923961981 0.1913669183424787
0.848924462231 0.18938843949137465
0.849924962481 0.18780951193902454
0.850925462731 0.1865970082304434
0.851925962981 0.185498318568402
0.852926463232 0.18519428769848612
0.853926963482 0.1874204680246682
0.854927463732 0.18962111253303918
0.855927963982 0.1798637099166012
0.856928464232 0.1700739281661494
0.857928964482 0.16142958648873262
0.858929464732 0.1614743739098239
0.859929964982 0.162396003295604
0.860930465233 0.16422957769366878
0.861930965483 0.1663703916110066
0.862931465733 0.1723915346544172
0.863931965983 0.15769587366018956
0.864932466233 0.1574596877160069
0.865932966483 0.1565198719405011
0.866933466733 0.15826975143553987
0.867933966983 0.15666450769650836
0.868934467234 0.14945279606772338
0.869934967484 0.1482866759613009
0.870935467734 0.1488604090036639
0.871935967984 0.14981683773412757
0.872936468234 0.15240694481720343
0.873936968484 0.15621499419499735
0.874937468734 0.15894777593335302
0.875937968984 0.15159099891484148
0.876938469235 0.14225810892251797
0.877938969485 0.13970701380498268
0.878939469735 0.1381880691111695
0.879939969985 0.13727141251641006
0.880940470235 0.13677061448290337
0.881940970485 0.1362309569573531
0.882941470735 0.13567269404545443
0.883941970985 0.13556594167237557
0.884942471236 0.13537813934797496
0.885942971486 0.1354150081744655
0.886943471736 0.13573347156288623
0.887943971986 0.1361682576825303
0.888944472236 0.13691525166885166
0.889944972486 0.13721728825499735
0.890945472736 0.13880421022799722
0.891945972986 0.14073807199587454
0.892946473237 0.14239648465522103
0.893946973487 0.1446221108371035
0.894947473737 0.1467744910056312
0.895947973987 0.1485582422616412
0.896948474237 0.15193142685583538
0.897948974487 0.15788366112461186
0.898949474737 0.16878536991407753
0.899949974987 0.17235730327695026
0.900950475238 0.1647671992056894
0.901950975488 0.16165235097901914
0.902951475738 0.16141052349457716
0.903951975988 0.15921695760069976
0.904952476238 0.15908156967424156
0.905952976488 0.15886384152152552
0.906953476738 0.15988910231720477
0.907953976988 0.16109705946046962
0.908954477239 0.16220676615108093
0.909954977489 0.1579150197537374
0.910955477739 0.1571831737343455
0.911955977989 0.15632959746160457
0.912956478239 0.15555966476476712
0.913956978489 0.15471745936042816
0.914957478739 0.15388280972341187
0.915957978989 0.15403265143776945
0.91695847924 0.15853344208934647
0.91795897949 0.16030419581002925
0.91895947974 0.1650530585046118
0.91995997999 0.17144114639243355
0.92096048024 0.18185675765591233
0.92196098049 0.1787853089946421
0.92296148074 0.1891308277774161
0.92396198099 0.15977805127657652
0.924962481241 0.15954339788405755
0.925962981491 0.15679510568573538
0.926963481741 0.15621103941575537
0.927963981991 0.15702343482284273
0.928964482241 0.1607594880441433
0.929964982491 0.16890554076302824
0.930965482741 0.1434719009726006
0.931965982991 0.13956803830229939
0.932966483242 0.1379925839337512
0.933966983492 0.13618358704783753
0.934967483742 0.13475716199379212
0.935967983992 0.13369534562832627
0.936968484242 0.130064185090727
0.937968984492 0.12908373733024667
0.938969484742 0.12843734120785202
0.939969984992 0.12757616560041624
0.940970485243 0.1275429472481164
0.941970985493 0.12668406271885926
0.942971485743 0.12617652287122624
0.943971985993 0.1258618311022563
0.944972486243 0.1253930900124992
0.945972986493 0.12472731311130801
0.946973486743 0.12456000564013507
0.947973986993 0.124191629921403
0.948974487244 0.1237428201771144
0.949974987494 0.12347651395893935
0.950975487744 0.1232531319967321
0.951975987994 0.12284897762261689
0.952976488244 0.12245433096187072
0.953976988494 0.12200601068900299
0.954977488744 0.12157972132187408
0.955977988994 0.12093209795117398
0.956978489245 0.12090333056832112
0.957978989495 0.12046226600215225
0.958979489745 0.12012162326433701
0.959979989995 0.11953818105467573
0.960980490245 0.11904634144794057
0.961980990495 0.11721701218252331
0.962981490745 0.11856037966732715
0.963981990995 0.12112520426580212
0.964982491246 0.12107766502871907
0.965982991496 0.12009078617002844
0.966983491746 0.11997063395740813
0.967983991996 0.12000886840221756
0.968984492246 0.12570459538765286
0.969984992496 0.12781992141850526
0.970985492746 0.12969611019674013
0.971985992996 0.12897884889493558
0.972986493247 0.1315402543356728
0.973986993497 0.12977899445918498
0.974987493747 0.13544447241881832
0.975987993997 0.13238142269995715
0.976988494247 0.12325258393309252
0.977988994497 0.12233234607393972
0.978989494747 0.11723222353374772
0.979989994997 0.11831374759345652
0.980990495248 0.11814342095479602
0.981990995498 0.11843502021621383
0.982991495748 0.11915488055630652
0.983991995998 0.1196853261161149
0.984992496248 0.12000726253443594
0.985992996498 0.12099160858203384
0.986993496748 0.12198840990813875
0.987993996998 0.12229412460394107
0.988994497249 0.12309478543000503
0.989994997499 0.12437180255279161
0.990995497749 0.12637973928057086
0.991995997999 0.12808677852365263
0.992996498249 0.13050205464320766
0.993996998499 0.13647142572750504
0.994997498749 0.12911616531575865
0.995997999 0.12830952539397975
0.99699849925 0.12907210233682545
0.9979989995 0.12911914499525626
0.99899949975 0.12885852942752796
1.0 0.11460710655333205
