-1.0 0.7111490935240424
-0.99899949975 0.7097476574242305
-0.9979989995 0.7110349838954554
-0.99699849925 0.7173546773589922
-0.995997999 0.7147521554990971
-0.994997498749 0.7683345238818876
-0.993996998499 0.7750109504538534
-0.992996498249 0.7893176024268423
-0.991995997999 0.8223663749964846
-0.990995497749 0.8045549362390931
-0.989994997499 0.809878861392747
-0.988994497249 0.8301965395451687
-0.987993996998 0.8333854212205778
-0.986993496748 0.838236619606592
-0.985992996498 0.8610134278992303
-0.984992496248 0.9003845325311832
-0.983991995998 0.9392801208817168
-0.982991495748 0.9085563544014004
-0.981990995498 0.8964543760082587
-0.980990495248 0.8962804757556038
-0.979989994997 0.9032546164108026
-0.978989494747 0.9027862574250696
-0.977988994497 0.8931086224067154
-0.976988494247 0.8875228278000369
-0.975987993997 0.8856244185142892
-0.974987493747 0.886368449464144
-0.973986993497 0.883014060518794
-0.972986493247 1.0785272099080878
-0.971985992996 1.1404170843177837
-0.970985492746 1.1517295651083428
-0.969984992496 1.1557872318682398
-0.968984492246 1.1458992343279089
-0.967983991996 1.2048383808368908
-0.966983491746 1.193508523632912
-0.965982991496 1.2342987918648343
-0.964982491246 1.182915211372145
-0.963981990995 1.1978703791777154
-0.962981490745 1.2224511876006332
-0.961980990495 1.293429527893786
-0.960980490245 1.2527013420084285
-0.959979989995 1.3063601663639108
-0.958979489745 1.182181157883939
-0.957978989495 1.1620459688440636
-0.956978489245 1.1477398874253815
-0.955977988994 1.143714132024554
-0.954977488744 1.108810476169316
-0.953976988494 1.1481781527946262
-0.952976488244 1.14394194833979
-0.951975987994 1.1532094975403617
-0.950975487744 1.1378275205846742
-0.949974987494 1.133127196227906
-0.948974487244 1.1178304343395766
-0.947973986993 1.1147914115614763
-0.946973486743 1.0978853616223498
-0.945972986493 1.0892909032469726
-0.944972486243 1.036162258673034
-0.943971985993 1.0219418884088567
-0.942971485743 1.0224295116854787
-0.941970985493 1.0052295434722671
-0.940970485243 0.9866200088353075
-0.939969984992 0.9675765471265777
-0.938969484742 0.9570426319004405
-0.937968984492 0.9453102357174585
-0.936968484242 0.9350599144897237
-0.935967983992 0.9335244966331
-0.934967483742 0.9425932662922375
-0.933966983492 0.9345046436409725
-0.932966483242 0.9445651020557634
-0.931965982991 1.0003638212471238
-0.930965482741 0.9688966313210715
-0.929964982491 0.9608151987576624
-0.928964482241 0.966536124002904
-0.927963981991 0.9579588762207506
-0.926963481741 0.9535347181070873
-0.925962981491 0.9535868467092984
-0.924962481241 0.9498276976161903
-0.92396198099 0.9520780325496743
-0.92296148074 0.957092070312609
-0.92196098049 0.959461941656788
-0.92096048024 0.9661985912106567
-0.91995997999 0.9707662140792515
-0.91895947974 0.9775061032073098
-0.91795897949 0.9890589647841552
-0.91695847924 0.9996690997471289
-0.915957978989 1.01856324128676
-0.914957478739 1.0497392144986295
-0.913956978489 1.101420006905159
-0.912956478239 1.1055217787672418
-0.911955977989 1.1370292118547154
-0.910955477739 1.1343020902711776
-0.909954977489 1.2306965295998584
-0.908954477239 0.9653233884042937
-0.907953976988 0.9136795877387612
-0.906953476738 0.8999257549848797
-0.905952976488 0.8885992773292606
-0.904952476238 0.8806916409667895
-0.903951975988 0.8745323701897131
-0.902951475738 0.8661997954835824
-0.901950975488 0.8793372211912343
-0.900950475238 0.8963681703456928
-0.899949974987 0.9742859545198239
-0.898949474737 0.9698689471683553
-0.897948974487 0.9942607863402722
-0.896948474237 0.9991539822772142
-0.895947973987 0.9923712838828374
-0.894947473737 1.0177933621327795
-0.893946973487 1.0463900262199417
-0.892946473237 1.0768023621498208
-0.891945972986 1.0851954820390608
-0.890945472736 1.1145596908678022
-0.889944972486 1.25536561084226
-0.888944472236 1.1277513036347762
-0.887943971986 1.1067274999532388
-0.886943471736 1.0761276220712892
-0.885942971486 1.0776963457375472
-0.884942471236 1.070581655232314
-0.883941970985 1.07971310956885
-0.882941470735 1.0995786671133874
-0.881940970485 1.062584717483575
-0.880940470235 1.1140899568653428
-0.879939969985 1.1354981205594128
-0.878939469735 1.1144047904419856
-0.877938969485 1.102343383452515
-0.876938469235 1.0958686301927527
-0.875937968984 1.0801047222627487
-0.874937468734 1.090946329962966
-0.873936968484 1.0646418265992172
-0.872936468234 1.0957122041301524
-0.871935967984 1.0960718099605238
-0.870935467734 1.1052155444257923
-0.869934967484 1.120239593333385
-0.868934467234 1.2328664173620167
-0.867933966983 1.2349817419388838
-0.866933466733 1.1340297335084195
-0.865932966483 1.1117621404092553
-0.864932466233 1.1077927039173843
-0.863931965983 1.1583953473829027
-0.862931465733 1.2367071338209443
-0.861930965483 1.2239534666914598
-0.860930465233 1.2039359519759352
-0.859929964982 1.1899960748849363
-0.858929464732 1.1783966632614336
-0.857928964482 1.1843810521867897
-0.856928464232 1.2175258466673893
-0.855927963982 1.2288611707973385
-0.854927463732 1.2378174264961812
-0.853926963482 1.24350233477832
-0.852926463232 1.2821693477264617
-0.851925962981 1.2651752781036132
-0.850925462731 1.237937813454284
-0.849924962481 1.2376884564330883
-0.848924462231 1.2201560492237573
-0.847923961981 1.1655237614807188
-0.846923461731 1.1011352013260283
-0.845922961481 1.0782194597744936
-0.844922461231 1.0874923749709644
-0.84392196098 1.018459150684971
-0.84292146073 1.0069703536820223
-0.84192096048 0.9972579791260487
-0.84092046023 0.9836271141803731
-0.83991995998 0.9745234364191566
-0.83891945973 0.957267275766891
-0.83791895948 0.9517304482714903
-0.83691845923 0.9845355264019233
-0.835917958979 0.9569338457373868
-0.834917458729 0.9621579111788376
-0.833916958479 0.9618989843973034
-0.832916458229 0.9559492434648407
-0.831915957979 0.946379573784745
-0.830915457729 0.939747099725875
-0.829914957479 0.9696205946427501
-0.828914457229 0.9753159240803109
-0.827913956978 0.9766182937226411
-0.826913456728 1.0294487802935297
-0.825912956478 1.0434164068030536
-0.824912456228 1.0403927897405199
-0.823911955978 1.0560914502228869
-0.822911455728 1.0398009516120323
-0.821910955478 1.0517200280671175
-0.820910455228 1.049994948477085
-0.819909954977 1.0348373623795188
-0.818909454727 1.0380567720446983
-0.817908954477 1.0335131927439603
-0.816908454227 0.9990329731245671
-0.815907953977 0.9927765538417404
-0.814907453727 0.9764413367688297
-0.813906953477 1.016607948733924
-0.812906453227 1.014724666768418
-0.811905952976 1.010434732730672
-0.810905452726 1.0108766224842125
-0.809904952476 0.9998892472393067
-0.808904452226 0.9913821541278272
-0.807903951976 0.9915830257442564
-0.806903451726 0.9940161755086792
-0.805902951476 1.0048621586457005
-0.804902451226 0.9910304994589115
-0.803901950975 0.9831984220553237
-0.802901450725 0.9770410841931947
-0.801900950475 0.9786360494836615
-0.800900450225 0.9961494869800229
-0.799899949975 0.9615094072156986
-0.798899449725 0.9450728967713008
-0.797898949475 0.932104075966308
-0.796898449225 0.9250592207186122
-0.795897948974 0.9321795555186333
-0.794897448724 0.9216531652275547
-0.793896948474 0.9130595908728709
-0.792896448224 0.9082914697754504
-0.791895947974 0.907654642028087
-0.790895447724 0.9063777018143826
-0.789894947474 0.8125603196959377
-0.788894447224 0.807178785545725
-0.787893946973 0.8033411988234964
-0.786893446723 0.797698772512708
-0.785892946473 0.7939221939627642
-0.784892446223 0.7904028559133575
-0.783891945973 0.7870821602546578
-0.782891445723 0.7768427986859978
-0.781890945473 0.7697730217064149
-0.780890445223 0.7632249377187058
-0.779889944972 0.7583306890273458
-0.778889444722 0.7524299483434056
-0.777888944472 0.7472116350115037
-0.776888444222 0.74334675872522
-0.775887943972 0.7542886954348118
-0.774887443722 0.7723727643479669
-0.773886943472 0.7844842109154933
-0.772886443222 0.7784228911099116
-0.771885942971 0.7787114569733564
-0.770885442721 0.7768078475571022
-0.769884942471 0.7726928128075569
-0.768884442221 0.7729030310825287
-0.767883941971 0.7809373624352767
-0.766883441721 0.7702407429106513
-0.765882941471 0.8567562684530674
-0.764882441221 0.8325175313050674
-0.76388194097 0.8751189813626824
-0.76288144072 0.825537460621788
-0.76188094047 0.8501327551754247
-0.76088044022 0.8681616396234298
-0.75987993997 0.8645289888177141
-0.75887943972 0.8701480380724611
-0.75787893947 0.8702628270394905
-0.75687843922 0.8587010112636496
-0.755877938969 0.8475496820823474
-0.754877438719 0.8441480713670604
-0.753876938469 0.839148523127673
-0.752876438219 0.833789780270713
-0.751875937969 0.834789163587696
-0.750875437719 0.838686998747304
-0.749874937469 0.8418220139155472
-0.748874437219 0.8499622515797215
-0.747873936968 0.8580085986329316
-0.746873436718 0.8663164952175834
-0.745872936468 0.8813075275640482
-0.744872436218 0.8950100393579756
-0.743871935968 0.914387098752316
-0.742871435718 0.9343546151635906
-0.741870935468 0.9697208304132658
-0.740870435218 1.1596248362489767
-0.739869934967 1.3431509550726886
-0.738869434717 1.3346038505502433
-0.737868934467 1.3629225731820378
-0.736868434217 1.235928944680959
-0.735867933967 1.18690595816197
-0.734867433717 1.1650823441152354
-0.733866933467 1.1624475090597777
-0.732866433217 1.1589183263536897
-0.731865932966 1.1841365286414909
-0.730865432716 1.1855017799912682
-0.729864932466 1.1200685393215548
-0.728864432216 1.093513848592141
-0.727863931966 1.0749335572307017
-0.726863431716 1.0541667748516967
-0.725862931466 1.0371875891403983
-0.724862431216 1.0226783799073187
-0.723861930965 1.016038224883783
-0.722861430715 1.0069578259418368
-0.721860930465 0.998501218868544
-0.720860430215 0.9932824054709676
-0.719859929965 0.9868743376486538
-0.718859429715 0.9818977362523418
-0.717858929465 0.9725334807135337
-0.716858429215 0.9625244965041589
-0.715857928964 0.9530002963913575
-0.714857428714 0.9441015275699446
-0.713856928464 0.9329061543595969
-0.712856428214 0.9224034738214503
-0.711855927964 0.9128630730414018
-0.710855427714 0.904990094881061
-0.709854927464 0.8967938959664107
-0.708854427214 0.8899075064304197
-0.707853926963 0.8802032719156604
-0.706853426713 0.8722692676318541
-0.705852926463 0.8650246654307067
-0.704852426213 0.8592311446891905
-0.703851925963 0.8517667464374488
-0.702851425713 0.8461568447470776
-0.701850925463 0.8411374046785662
-0.700850425213 0.8350340927665988
-0.699849924962 0.8293027777970204
-0.698849424712 0.8251815532029466
-0.697848924462 0.8215809591373806
-0.696848424212 0.8152221463183801
-0.695847923962 0.8126550369980479
-0.694847423712 0.8089349044340247
-0.693846923462 0.8053359430938651
-0.692846423212 0.8034094505193473
-0.691845922961 0.8008688795909586
-0.690845422711 0.7965533207571507
-0.689844922461 0.7935711311765847
-0.688844422211 0.771385411295633
-0.687843921961 0.7682190117376475
-0.686843421711 0.7676877343176317
-0.685842921461 0.7687238576011932
-0.684842421211 0.7677383921531251
-0.68384192096 0.7672091691743083
-0.68284142071 0.7660934467651803
-0.68184092046 0.7708269660231556
-0.68084042021 0.7840420328271669
-0.67983991996 0.7818492561649509
-0.67883941971 0.78000595823668
-0.67783891946 0.789192470623633
-0.67683841921 0.7721461997702459
-0.675837918959 0.8034227230656265
-0.674837418709 0.8016173960883789
-0.673836918459 0.8006289273303459
-0.672836418209 0.7973221660997636
-0.671835917959 0.7954341159255697
-0.670835417709 0.7906358527091525
-0.669834917459 0.7718194687842475
-0.668834417209 0.7734114307715535
-0.667833916958 0.8132644120560523
-0.666833416708 0.8947079504834733
-0.665832916458 0.8601757178502515
-0.664832416208 0.8504473107692525
-0.663831915958 0.8464522740977708
-0.662831415708 0.8422985053302572
-0.661830915458 0.8377418193060719
-0.660830415208 0.8353658381842892
-0.659829914957 0.8354427322238028
-0.658829414707 0.8381018758691808
-0.657828914457 0.8445932900968635
-0.656828414207 0.8338766489315391
-0.655827913957 0.8311220331972583
-0.654827413707 0.8296063744169221
-0.653826913457 0.8346926773805287
-0.652826413207 0.8317559182769114
-0.651825912956 0.8355577625631391
-0.650825412706 0.8322131426297227
-0.649824912456 0.8345635753162117
-0.648824412206 0.8405886492554422
-0.647823911956 0.8387955776936893
-0.646823411706 0.8420536444804978
-0.645822911456 0.8413250106751466
-0.644822411206 0.8484907144959748
-0.643821910955 0.8552300829917442
-0.642821410705 0.8555093735735341
-0.641820910455 0.855675696259799
-0.640820410205 0.8637044386690618
-0.639819909955 0.8644808155189536
-0.638819409705 0.8704531940014442
-0.637818909455 0.8769807774306879
-0.636818409205 0.877360310153081
-0.635817908954 0.8798107419687463
-0.634817408704 0.8835197039051069
-0.633816908454 0.8883604009736482
-0.632816408204 0.8916968731356923
-0.631815907954 0.8971958126987514
-0.630815407704 0.9024569621715658
-0.629814907454 0.907276488082678
-0.628814407204 0.9036977291805067
-0.627813906953 0.9062013409299075
-0.626813406703 0.9150670775869058
-0.625812906453 0.9122100752212697
-0.624812406203 0.9117795665718446
-0.623811905953 0.90784906903215
-0.622811405703 0.9124739213912222
-0.621810905453 0.9192628815548329
-0.620810405203 0.925638368482723
-0.619809904952 0.9326914167126524
-0.618809404702 0.936902571420612
-0.617808904452 0.94003439586419
-0.616808404202 0.9443459427906459
-0.615807903952 0.9482550676079478
-0.614807403702 0.9534335499455986
-0.613806903452 0.9600887361343966
-0.612806403202 0.969789257772184
-0.611805902951 0.9812369841962008
-0.610805402701 0.9990963535344454
-0.609804902451 0.9982482244267954
-0.608804402201 1.01621074973882
-0.607803901951 1.0110146814025296
-0.606803401701 1.0209190299865134
-0.605802901451 0.9913361217403083
-0.604802401201 0.9981577707707803
-0.60380190095 1.002751175244151
-0.6028014007 1.0085399562293667
-0.60180090045 1.0166969754062507
-0.6008004002 1.0291420817249843
-0.59979989995 1.0369599805335563
-0.5987993997 1.0616706520230197
-0.59779889945 1.0533062696295792
-0.5967983992 1.0534167673955104
-0.595797898949 1.0547362367289699
-0.594797398699 1.0565913802800466
-0.593796898449 1.065685626837761
-0.592796398199 1.0790915665990324
-0.591795897949 1.0783474273166285
-0.590795397699 1.0836940920368403
-0.589794897449 1.0804371593699436
-0.588794397199 1.0923815551872926
-0.587793896948 1.1177226170285932
-0.586793396698 1.1176222172270316
-0.585792896448 1.0864308057857668
-0.584792396198 1.087216863238861
-0.583791895948 1.0869190444537478
-0.582791395698 1.1056431736458607
-0.581790895448 1.2464770167246304
-0.580790395198 1.2602381283970294
-0.579789894947 1.1213701798373026
-0.578789394697 1.1086666531615388
-0.577788894447 1.0161493176387086
-0.576788394197 1.0078484073603267
-0.575787893947 0.9987486696030645
-0.574787393697 0.9983706403231731
-0.573786893447 0.9984297849901081
-0.572786393197 0.997644714674429
-0.571785892946 0.9963369465332592
-0.570785392696 0.9966657959518466
-0.569784892446 0.9962221139980075
-0.568784392196 0.9981024176348373
-0.567783891946 1.000259882465427
-0.566783391696 1.0070374937763942
-0.565782891446 1.0120432417742644
-0.564782391196 1.0154864968225112
-0.563781890945 1.018222333064289
-0.562781390695 1.017260562786656
-0.561780890445 1.0377256988837633
-0.560780390195 1.0131028267189273
-0.559779889945 1.0203045028247208
-0.558779389695 1.0173650156334828
-0.557778889445 1.0264533777011369
-0.556778389195 1.0026651732932867
-0.555777888944 1.0113299474654662
-0.554777388694 1.0129407939519726
-0.553776888444 1.0085821234569676
-0.552776388194 1.0479705463454663
-0.551775887944 1.1166641974017324
-0.550775387694 1.0922104005028077
-0.549774887444 1.0925344917340098
-0.548774387194 1.101095124308282
-0.547773886943 1.0911607174095133
-0.546773386693 1.086947943456655
-0.545772886443 1.0841851092867807
-0.544772386193 1.0814005398136861
-0.543771885943 1.0841589514056063
-0.542771385693 1.0902910704553357
-0.541770885443 1.0767537148381765
-0.540770385193 1.0517231907345423
-0.539769884942 0.994277845178205
-0.538769384692 0.9949394470122765
-0.537768884442 0.9975613598006406
-0.536768384192 0.9916145101071068
-0.535767883942 0.9921883513518702
-0.534767383692 0.9966511724007614
-0.533766883442 1.0052281107272238
-0.532766383192 1.010808463617065
-0.531765882941 1.0357145664476628
-0.530765382691 1.018846670703447
-0.529764882441 1.0027679998057357
-0.528764382191 1.0056690803804156
-0.527763881941 1.0336709340272037
-0.526763381691 1.0041786801477495
-0.525762881441 0.9602970567444628
-0.524762381191 0.9207733419264552
-0.52376188094 0.8956356181443789
-0.52276138069 0.8872927295737585
-0.52176088044 0.8714685278251136
-0.52076038019 0.8670502335164436
-0.51975987994 0.8591679875173593
-0.51875937969 0.8582844732430368
-0.51775887944 0.8477223487572183
-0.51675837919 0.8497831178642337
-0.515757878939 0.8424549324609902
-0.514757378689 0.849568972676818
-0.513756878439 0.8473926495060728
-0.512756378189 0.7250765178256591
-0.511755877939 0.7236025641234174
-0.510755377689 0.7211247894654945
-0.509754877439 0.7190883449210445
-0.508754377189 0.7169585142501964
-0.507753876938 0.7133136836395504
-0.506753376688 0.7098300769730226
-0.505752876438 0.7084115197548245
-0.504752376188 0.708202415087537
-0.503751875938 0.7090037407670264
-0.502751375688 0.7116395216084598
-0.501750875438 0.7089419881125077
-0.500750375188 0.6990893236372592
-0.499749874937 0.6870474019620375
-0.498749374687 0.6795504066034499
-0.497748874437 0.6752229558700418
-0.496748374187 0.6713963006612268
-0.495747873937 0.6710575765637715
-0.494747373687 0.6603038692402237
-0.493746873437 0.6551054208538026
-0.492746373187 0.6500810227474525
-0.491745872936 0.6462283026731969
-0.490745372686 0.6438392125339938
-0.489744872436 0.6411594380434027
-0.488744372186 0.6377246809608235
-0.487743871936 0.6350749849234272
-0.486743371686 0.6323685960400774
-0.485742871436 0.6297177098022353
-0.484742371186 0.6255632991449136
-0.483741870935 0.6232354870203914
-0.482741370685 0.6188420348786707
-0.481740870435 0.6173137566526394
-0.480740370185 0.614316406256811
-0.479739869935 0.6112363183451689
-0.478739369685 0.6079116030911221
-0.477738869435 0.6061344453137474
-0.476738369185 0.6040055769371306
-0.475737868934 0.605910911446047
-0.474737368684 0.6011132568164848
-0.473736868434 0.5957154627712953
-0.472736368184 0.5938063273741736
-0.471735867934 0.5919358352747394
-0.470735367684 0.5901481345567843
-0.469734867434 0.5894769419779087
-0.468734367184 0.5895818056380556
-0.467733866933 0.5881699666658146
-0.466733366683 0.5856272244123649
-0.465732866433 0.5841645507823037
-0.464732366183 0.5815528251455556
-0.463731865933 0.5776296796573903
-0.462731365683 0.5765633521531772
-0.461730865433 0.5765970319246131
-0.460730365183 0.5736824353507104
-0.459729864932 0.5703183237308702
-0.458729364682 0.5671848333204085
-0.457728864432 0.5653623585820338
-0.456728364182 0.562404924829523
-0.455727863932 0.562290909599269
-0.454727363682 0.5580516237105262
-0.453726863432 0.55511197008518
-0.452726363182 0.5585735533594846
-0.451725862931 0.5584019506833447
-0.450725362681 0.5526480527741174
-0.449724862431 0.5627363239841834
-0.448724362181 0.5441310568734685
-0.447723861931 0.5404472709999047
-0.446723361681 0.540152791438358
-0.445722861431 0.5325172762560492
-0.444722361181 0.5263312886530247
-0.44372186093 0.5184756509733554
-0.44272136068 0.5143543215048071
-0.44172086043 0.5075031642329452
-0.44072036018 0.4994977990836041
-0.43971985993 0.49347435639462933
-0.43871935968 0.4881271886552746
-0.43771885943 0.4835359774052829
-0.43671835918 0.4775630639536671
-0.435717858929 0.4743879661666303
-0.434717358679 0.4679502657451746
-0.433716858429 0.4617927183792873
-0.432716358179 0.4576797194915171
-0.431715857929 0.4527655733453102
-0.430715357679 0.4486028274019488
-0.429714857429 0.44930137012051846
-0.428714357179 0.44052264990974704
-0.427713856928 0.43457859458368475
-0.426713356678 0.43005963954439436
-0.425712856428 0.42748973372706084
-0.424712356178 0.42475782771814713
-0.423711855928 0.4202511633944328
-0.422711355678 0.41717115450311354
-0.421710855428 0.41428929786147684
-0.420710355178 0.4100695215080624
-0.419709854927 0.40577433473517394
-0.418709354677 0.40197675259562043
-0.417708854427 0.39737312228568256
-0.416708354177 0.3943578606530562
-0.415707853927 0.391453897711988
-0.414707353677 0.38771319589718145
-0.413706853427 0.3839841194062419
-0.412706353177 0.38052420629532135
-0.411705852926 0.3763858060136489
-0.410705352676 0.37454281742472467
-0.409704852426 0.3730711914059629
-0.408704352176 0.3706190998225962
-0.407703851926 0.3685887749225972
-0.406703351676 0.36675711115130033
-0.405702851426 0.3637300830891436
-0.404702351176 0.36252377075996733
-0.403701850925 0.36164960705951743
-0.402701350675 0.358961222325696
-0.401700850425 0.35746456946032357
-0.400700350175 0.35616125324522957
-0.399699849925 0.3544002377295762
-0.398699349675 0.3527061188550132
-0.397698849425 0.3525916926186274
-0.396698349175 0.35114226047596636
-0.395697848924 0.3503278085256283
-0.394697348674 0.3476413697639481
-0.393696848424 0.3457245334965653
-0.392696348174 0.34613367091775027
-0.391695847924 0.34191926907743075
-0.390695347674 0.3389189957752943
-0.389694847424 0.33631214718821684
-0.388694347174 0.33494889427718494
-0.387693846923 0.3319843056152663
-0.386693346673 0.32985692116265697
-0.385692846423 0.32715700341367726
-0.384692346173 0.32415743988331897
-0.383691845923 0.3222040889189614
-0.382691345673 0.3203663600128183
-0.381690845423 0.31752692615859884
-0.380690345173 0.3154813244902207
-0.379689844922 0.31370895979058855
-0.378689344672 0.31072953405609244
-0.377688844422 0.3090377242106643
-0.376688344172 0.3069960849978853
-0.375687843922 0.3050343420397305
-0.374687343672 0.30376467472914004
-0.373686843422 0.30195869494539157
-0.372686343172 0.30004858801303635
-0.371685842921 0.29786271407029336
-0.370685342671 0.29621912241077664
-0.369684842421 0.293397671609016
-0.368684342171 0.29164420792670576
-0.367683841921 0.29078156656183274
-0.366683341671 0.2904557107262821
-0.365682841421 0.2886015843623649
-0.364682341171 0.28766631128926234
-0.36368184092 0.2860042994367529
-0.36268134067 0.2841513408343684
-0.36168084042 0.28246138022951733
-0.36068034017 0.2815270434820685
-0.35967983992 0.2795930795108947
-0.35867933967 0.2781679484650334
-0.35767883942 0.2779490012369531
-0.35667833917 0.2757974665499194
-0.355677838919 0.27619125995682414
-0.354677338669 0.2746024040551356
-0.353676838419 0.27276061544333713
-0.352676338169 0.27155016173511065
-0.351675837919 0.2765581667937958
-0.350675337669 0.2749504048266563
-0.349674837419 0.2756399937971388
-0.348674337169 0.25861421142283997
-0.347673836918 0.24807302681796406
-0.346673336668 0.24173269956665294
-0.345672836418 0.2366436588935848
-0.344672336168 0.23071908250044848
-0.343671835918 0.2300461499442168
-0.342671335668 0.22785340202476864
-0.341670835418 0.2242078466335895
-0.340670335168 0.2223144692723894
-0.339669834917 0.2203997387581603
-0.338669334667 0.2191505370541917
-0.337668834417 0.21712466740631725
-0.336668334167 0.21551837130813187
-0.335667833917 0.21487573819158814
-0.334667333667 0.21431676689816248
-0.333666833417 0.2133394931227748
-0.332666333167 0.21272217077031425
-0.331665832916 0.21135673725085521
-0.330665332666 0.21060954926653544
-0.329664832416 0.2098056347594332
-0.328664332166 0.21019212726883305
-0.327663831916 0.21011925301324696
-0.326663331666 0.2107515860984587
-0.325662831416 0.2115969702625063
-0.324662331166 0.21226984302511143
-0.323661830915 0.21348729103092315
-0.322661330665 0.21545363052676397
-0.321660830415 0.21734786162715633
-0.320660330165 0.22026341019707513
-0.319659829915 0.2231579383165493
-0.318659329665 0.22608755807016626
-0.317658829415 0.23222941830445354
-0.316658329165 0.23753965405676636
-0.315657828914 0.2454497101811681
-0.314657328664 0.2591802298805635
-0.313656828414 0.27212189618251237
-0.312656328164 0.29830974240899294
-0.311655827914 0.34214547961541397
-0.310655327664 0.4892303763117474
-0.309654827414 0.19560341816409682
-0.308654327164 0.16332390774179562
-0.307653826913 0.16270932521102405
-0.306653326663 0.1619392409557358
-0.305652826413 0.1605066894701044
-0.304652326163 0.15933070400231705
-0.303651825913 0.15850622779387935
-0.302651325663 0.1568547865658903
-0.301650825413 0.15552688308373738
-0.300650325163 0.15422679141597878
-0.299649824912 0.15326958815397715
-0.298649324662 0.15218782961952831
-0.297648824412 0.15113241275271916
-0.296648324162 0.15676395625423786
-0.295647823912 0.14761119195525615
-0.294647323662 0.1450187052345409
-0.293646823412 0.1428497732002141
-0.292646323162 0.14022638338332996
-0.291645822911 0.14073715756038085
-0.290645322661 0.13962249954435957
-0.289644822411 0.1394215250993322
-0.288644322161 0.13796300567999786
-0.287643821911 0.1381021204236437
-0.286643321661 0.13527016918437207
-0.285642821411 0.13517251900052152
-0.284642321161 0.13183545088871432
-0.28364182091 0.1294791812003692
-0.28264132066 0.12856685837913978
-0.28164082041 0.1268292565803087
-0.28064032016 0.1253792415340406
-0.27963981991 0.12354067201770035
-0.27863931966 0.12240657353788378
-0.27763881941 0.12138604301327975
-0.27663831916 0.11983969741189084
-0.275637818909 0.11907531202832518
-0.274637318659 0.11762053817056152
-0.273636818409 0.11654947944533542
-0.272636318159 0.11581930430785976
-0.271635817909 0.1150861146229844
-0.270635317659 0.11416051451860314
-0.269634817409 0.11328775945393256
-0.268634317159 0.11283449201335574
-0.267633816908 0.11202534191665686
-0.266633316658 0.11133977729981757
-0.265632816408 0.11054450719112639
-0.264632316158 0.11032371534446753
-0.263631815908 0.10997989574801822
-0.262631315658 0.10983575008543908
-0.261630815408 0.10869791044118597
-0.260630315158 0.10753727735805126
-0.259629814907 0.106879519788711
-0.258629314657 0.10634753511594267
-0.257628814407 0.10583156925358324
-0.256628314157 0.10492051508145064
-0.255627813907 0.10440962703939032
-0.254627313657 0.10412133439939232
-0.253626813407 0.10382495469214714
-0.252626313157 0.10385023468275134
-0.251625812906 0.10368164267131724
-0.250625312656 0.10718033581801086
-0.249624812406 0.10836465143547201
-0.248624312156 0.11036603383950505
-0.247623811906 0.10928063845184235
-0.246623311656 0.10792211012194491
-0.245622811406 0.10765041911769974
-0.244622311156 0.10836222816952636
-0.243621810905 0.11227407358620191
-0.242621310655 0.1082036177669387
-0.241620810405 0.10737096227029767
-0.240620310155 0.10406366124389053
-0.239619809905 0.10209364975679117
-0.238619309655 0.10123520881745235
-0.237618809405 0.09979323155467867
-0.236618309155 0.09900399116472482
-0.235617808904 0.09978424654252646
-0.234617308654 0.10091244791944151
-0.233616808404 0.10205785653509147
-0.232616308154 0.10558635348578435
-0.231615807904 0.10309988080876002
-0.230615307654 0.10237859205594856
-0.229614807404 0.10057982371626185
-0.228614307154 0.11120605188765427
-0.227613806903 0.11005502600468388
-0.226613306653 0.11172923905341606
-0.225612806403 0.11459701960189916
-0.224612306153 0.1416301379465595
-0.223611805903 0.10869483716168014
-0.222611305653 0.09855144278506983
-0.221610805403 0.09787056427621149
-0.220610305153 0.09789846001049096
-0.219609804902 0.0982520243513308
-0.218609304652 0.09695639951030295
-0.217608804402 0.09719153482437967
-0.216608304152 0.09532161806959118
-0.215607803902 0.09557607993208515
-0.214607303652 0.09586129027337993
-0.213606803402 0.09507506834644959
-0.212606303152 0.09467268498500796
-0.211605802901 0.0947788791275906
-0.210605302651 0.09461288589806174
-0.209604802401 0.0947980120329786
-0.208604302151 0.09519102243534203
-0.207603801901 0.09505159532270124
-0.206603301651 0.09512732392155768
-0.205602801401 0.09548199985908741
-0.204602301151 0.0959615496090948
-0.2036018009 0.09671251945979595
-0.20260130065 0.09776629727283724
-0.2016008004 0.09832096191746441
-0.20060030015 0.09893689045026482
-0.1995997999 0.09851348411629517
-0.19859929965 0.10002395671500078
-0.1975987994 0.09772963305950665
-0.19659829915 0.09699353843058547
-0.195597798899 0.09746309558874716
-0.194597298649 0.09640191427718381
-0.193596798399 0.0963232509303433
-0.192596298149 0.09627144983239658
-0.191595797899 0.09626082613580768
-0.190595297649 0.09738423006425603
-0.189594797399 0.10006978099772751
-0.188594297149 0.09981047514498409
-0.187593796898 0.09947196090421308
-0.186593296648 0.0989626218985732
-0.185592796398 0.09926852380618267
-0.184592296148 0.10063625836808768
-0.183591795898 0.10107149883535024
-0.182591295648 0.09975010535897752
-0.181590795398 0.0992619704058381
-0.180590295148 0.10109639634446128
-0.179589794897 0.1007479801184633
-0.178589294647 0.09923746592248545
-0.177588794397 0.10187900593126596
-0.176588294147 0.09739140571385146
-0.175587793897 0.09787844667703517
-0.174587293647 0.09242650551412442
-0.173586793397 0.09141830403264228
-0.172586293147 0.04106268771263142
-0.171585792896 0.04114038777846996
-0.170585292646 0.04133539357354942
-0.169584792396 0.04150339836290973
-0.168584292146 0.04233437652447913
-0.167583791896 0.04132083768781699
-0.166583291646 0.04041055504781767
-0.165582791396 0.04003223657235385
-0.164582291146 0.040042915278588845
-0.163581790895 0.04001184781208952
-0.162581290645 0.039988749315781606
-0.161580790395 0.040105094015235807
-0.160580290145 0.04023308450854304
-0.159579789895 0.04042132431448416
-0.158579289645 0.040914547079606886
-0.157578789395 0.041414044563534015
-0.156578289145 0.042373818734577094
-0.155577788894 0.04167012450800663
-0.154577288644 0.04168241800967482
-0.153576788394 0.0420035570779438
-0.152576288144 0.04171978159337873
-0.151575787894 0.04125836405929182
-0.150575287644 0.04107184527274993
-0.149574787394 0.04110553845587687
-0.148574287144 0.04119010398057278
-0.147573786893 0.04121164826230435
-0.146573286643 0.04144848671846051
-0.145572786393 0.0419376765418728
-0.144572286143 0.042079858443806385
-0.143571785893 0.04196717312270243
-0.142571285643 0.04170725119371217
-0.141570785393 0.04193293394075536
-0.140570285143 0.04232878384092192
-0.139569784892 0.042720462239346065
-0.138569284642 0.042409206090750495
-0.137568784392 0.042673472525346215
-0.136568284142 0.04211164386576504
-0.135567783892 0.04161219129572985
-0.134567283642 0.04224423385274312
-0.133566783392 0.04283577112169635
-0.132566283142 0.04297530783158196
-0.131565782891 0.0427301407342331
-0.130565282641 0.04407920196678256
-0.129564782391 0.04520579515311477
-0.128564282141 0.04646235763648595
-0.127563781891 0.0562064474722995
-0.126563281641 0.019913331153402575
-0.125562781391 0.019951678165604888
-0.124562281141 0.020275359321246664
-0.12356178089 0.02054955293265176
-0.12256128064 0.01862706189787288
-0.12156078039 0.016953932747941217
-0.12056028014 0.016194338935489105
-0.11955977989 0.01616499279008103
-0.11855927964 0.01601260324428301
-0.11755877939 0.015823493463009857
-0.11655827914 0.01565081456839853
-0.115557778889 0.015517471030240367
-0.114557278639 0.01536237383731332
-0.113556778389 0.01523301551818859
-0.112556278139 0.015148039437883412
-0.111555777889 0.015053499787445416
-0.110555277639 0.014983808738767364
-0.109554777389 0.01494448926929308
-0.108554277139 0.014825298598609737
-0.107553776888 0.014691904558386717
-0.106553276638 0.014561582699751396
-0.105552776388 0.014375934562993952
-0.104552276138 0.014198360031471543
-0.103551775888 0.014087099936138449
-0.102551275638 0.013986257961637364
-0.101550775388 0.014067576461624374
-0.100550275138 0.013722816530397917
-0.0995497748874 0.01316288324755167
-0.0985492746373 0.012539263354626953
-0.0975487743872 0.012217437639441529
-0.0965482741371 0.012103550189935341
-0.0955477738869 0.011945889393252404
-0.0945472736368 0.011882613987573905
-0.0935467733867 0.011780474666365802
-0.0925462731366 0.011641918050456553
-0.0915457728864 0.011521064661310343
-0.0905452726363 0.011427032448669971
-0.0895447723862 0.011331665939176078
-0.0885442721361 0.011137616409497592
-0.0875437718859 0.011004225194333103
-0.0865432716358 0.010995491906567444
-0.0855427713857 0.010875911976977464
-0.0845422711356 0.010968913039963064
-0.0835417708854 0.00918930255530741
-0.0825412706353 0.009129889160618757
-0.0815407703852 0.009035337752246523
-0.0805402701351 0.008912156997085821
-0.0795397698849 0.008905574689986637
-0.0785392696348 0.008897704206310844
-0.0775387693847 0.008873390931834264
-0.0765382691346 0.008834530107969868
-0.0755377688844 0.008800454601920448
-0.0745372686343 0.008733620354920655
-0.0735367683842 0.008608689914025483
-0.0725362681341 0.008540338012210729
-0.0715357678839 0.00851731323924037
-0.0705352676338 0.00851412353812815
-0.0695347673837 0.008503650807806375
-0.0685342671336 0.008491931558299866
-0.0675337668834 0.008467101381559823
-0.0665332666333 0.008416035543216847
-0.0655327663832 0.008359144062477945
-0.0645322661331 0.00825767922617796
-0.0635317658829 0.008248959306554431
-0.0625312656328 0.008250590212162161
-0.0615307653827 0.008257882391372876
-0.0605302651326 0.008259489752775608
-0.0595297648824 0.008262832055937626
-0.0585292646323 0.008266970724764755
-0.0575287643822 0.00824780134278321
-0.0565282641321 0.008224068229895543
-0.0555277638819 0.008228224652926866
-0.0545272636318 0.008232343733019913
-0.0535267633817 0.008261537633082496
-0.0525262631316 0.008309511786774713
-0.0515257628814 0.008360514578586282
-0.0505252626313 0.008416022415688144
-0.0495247623812 0.008464973806653354
-0.0485242621311 0.008556709551788406
-0.0475237618809 0.008733991778889411
-0.0465232616308 0.0092501398404628
-0.0455227613807 0.008768317018436418
-0.0445222611306 0.008761556829219946
-0.0435217608804 0.008886129200677837
-0.0425212606303 0.008662002239334027
-0.0415207603802 0.008638432193575612
-0.0405202601301 0.00881323217091361
-0.0395197598799 0.00898769781889317
-0.0385192596298 0.008921209165960817
-0.0375187593797 0.008730473858809186
-0.0365182591296 0.008618226254777362
-0.0355177588794 0.008817144648140473
-0.0345172586293 0.009095130977470209
-0.0335167583792 0.008687120110260184
-0.0325162581291 0.0086154880968415
-0.0315157578789 0.009229592909410346
-0.0305152576288 0.00852004380972636
-0.0295147573787 0.009910499310568362
-0.0285142571286 0.0013285580572522237
-0.0275137568784 0.0013265842078429716
-0.0265132566283 0.0013231858476011771
-0.0255127563782 0.0013172212563970582
-0.0245122561281 0.0013199897755126464
-0.0235117558779 0.0013236781136060222
-0.0225112556278 0.0013281672901576695
-0.0215107553777 0.0013322213852037495
-0.0205102551276 0.0013389632670443986
-0.0195097548774 0.0013502347795612487
-0.0185092546273 0.0013724536197423517
-0.0175087543772 0.0013799364679303696
-0.0165082541271 0.0013895478180810314
-0.0155077538769 0.0014621502330137027
-0.0145072536268 0.001377105272159681
-0.0135067533767 0.0013947811261357088
-0.0125062531266 0.001399151595543466
-0.0115057528764 0.0013768904711099204
-0.0105052526263 0.0014083137545614194
-0.00950475237619 0.0014104874828330626
-0.00850425212606 0.0014508900663257535
-0.00750375187594 0.0014008702157883989
-0.00650325162581 0.0013684963368045425
-0.00550275137569 0.0013590546583839105
-0.00450225112556 0.0013886825190009481
-0.00350175087544 0.0014409684302956023
-0.00250125062531 0.0013627260548626635
-0.00150075037519 0.0013450538813897094
-0.000500250125063 0.001378783670064927
0.000500250125063 0.0014249143199241295
0.00150075037519 0.0012823353245187577
0.00250125062531 0.001659214443428162
0.00350175087544 0.00017678882352219262
0.00450225112556 0.00010216588941822559
0.00550275137569 0.00012786095377276694
0.00650325162581 0.00015355601812730842
0.00750375187594 0.00017925108248184973
0.00850425212606 0.00020421933983128744
0.00950475237619 0.00022893802895687394
0.0105052526263 0.00032755808873704314
0.0115057528764 0.000320162936522252
0.0125062531266 0.0003236498199062691
0.0135067533767 0.0003321891648813343
0.0145072536268 0.00037683956394209855
0.0155077538769 0.00042148996300285545
0.0165082541271 0.0004661403620636132
0.0175087543772 0.0005107907611243701
0.0185092546273 0.000554961223877805
0.0195097548774 0.0005984432937977661
0.0205102551276 0.0005916232343889623
0.0215107553777 0.0007108080697636911
0.0225112556278 0.0007221498463817444
0.0235117558779 0.0007334916229997983
0.0245122561281 0.0007468630173722371
0.0255127563782 0.0007647986179376276
0.0265132566283 0.0008373474474771145
0.0275137568784 0.0009098962770165987
0.0285142571286 0.0009824451065560853
0.0295147573787 0.0010549939360955732
0.0305152576288 0.0011275407307187258
0.0315157578789 0.0011997473379451436
0.0325162581291 0.001144910672031784
0.0335167583792 0.0012983341398539777
0.0345172586293 0.0013189068494358065
0.0355177588794 0.0013408484887197172
0.0365182591296 0.001362790128003626
0.0375187593797 0.0013847317672875375
0.0385192596298 0.0014580527744023062
0.0395197598799 0.0015675593644917578
0.0405202601301 0.0016777418976849337
0.0415207603802 0.0017879388631737833
0.0425212606303 0.0018981358286626448
0.0435217608804 0.0019948952764871093
0.0445222611306 0.0018947049111350143
0.0455227613807 0.0020722488135669318
0.0465232616308 0.002102638496585425
0.0475237618809 0.002132995620957523
0.0485242621311 0.0021629731502621832
0.0495247623812 0.0021931336762156506
0.0505252626313 0.0022777777421050982
0.0515257628814 0.0024215641552509997
0.0525262631316 0.002565164109297032
0.0535267633817 0.002708764063343056
0.0545272636318 0.00285236401738909
0.0555277638819 0.002859748532701415
0.0565282641321 0.0027365125178664094
0.0575287643822 0.002919049968059852
0.0585292646323 0.0029591764741245478
0.0595297648824 0.0029993427610825623
0.0605302651326 0.003046956932519888
0.0615307653827 0.0030978748372203395
0.0625312656328 0.003161813985804453
0.0635317658829 0.003303703011534247
0.0645322661331 0.0034455920372640364
0.0655327663832 0.0035780633016378833
0.0665332666333 0.003685763716457192
0.0675337668834 0.0035924821121859083
0.0685342671336 0.0035645848519738387
0.0695347673837 0.0035377185816284386
0.0705352676338 0.003647324895961845
0.0715357678839 0.0037217973442005645
0.0725362681341 0.003768204410047427
0.0735367683842 0.003814335092267414
0.0745372686343 0.003860401680526579
0.0755377688844 0.003876207714781801
0.0765382691346 0.003966085529406847
0.0775387693847 0.0040511931456521716
0.0785392696348 0.004103781201980576
0.0795397698849 0.004066978957162321
0.0805402701351 0.0040401365820948235
0.0815407703852 0.004071672883123396
0.0825412706353 0.004072355518580681
0.0835417708854 0.004073037065275515
0.0845422711356 0.0040762714860446796
0.0855427713857 0.004100635650055962
0.0865432716358 0.004191867763132432
0.0875437718859 0.004243853261982135
0.0885442721361 0.0042808459395569775
0.0895447723862 0.004316947874797092
0.0905452726363 0.004356920830329097
0.0915457728864 0.00440892842212046
0.0925462731366 0.004422629359133772
0.0935467733867 0.004413749634005437
0.0945472736368 0.0044116297414116615
0.0955477738869 0.004432145682858714
0.0965482741371 0.004455725189140942
0.0975487743872 0.0044776617369901815
0.0985492746373 0.0045004079152599855
0.0995497748874 0.004533327794050695
0.100550275138 0.0045621833254487565
0.101550775388 0.004596560375085982
0.102551275638 0.0046273304172481
0.103551775888 0.004657869986474066
0.104552276138 0.004687808583373738
0.105552776388 0.004717877465578187
0.106553276638 0.00571936404630718
0.107553776888 0.0057572409323861425
0.108554277139 0.00586089879121179
0.109554777389 0.005783641766055678
0.110555277639 0.005727314704946726
0.111555777889 0.005738035619276804
0.112556278139 0.005749841777447378
0.113556778389 0.005794972790281057
0.114557278639 0.005798369775823161
0.115557778889 0.005791388402240447
0.11655827914 0.005826386444393779
0.11755877939 0.005806632570138946
0.11855927964 0.005817666339474502
0.11955977989 0.005823427011764311
0.12056028014 0.005835265996608839
0.12156078039 0.0058612554842841546
0.12256128064 0.005873610811140317
0.12356178089 0.005874610305005908
0.124562281141 0.006100430306621921
0.125562781391 0.006143366150289439
0.126563281641 0.006127240910293016
0.127563781891 0.006098865031270027
0.128564282141 0.006077557386994792
0.129564782391 0.006063780394623141
0.130565282641 0.006067070318655842
0.131565782891 0.006053050965893031
0.132566283142 0.006054171301065604
0.133566783392 0.006030764631316288
0.134567283642 0.006030374983294559
0.135567783892 0.006037084545819338
0.136568284142 0.0060415574586332975
0.137568784392 0.006972540802690922
0.138569284642 0.011072381224059756
0.139569784892 0.011004547990661109
0.140570285143 0.010543631076989083
0.141570785393 0.010775334368887193
0.142571285643 0.011139088386452157
0.143571785893 0.011224031660472998
0.144572286143 0.010940075960477217
0.145572786393 0.01078162041006928
0.146573286643 0.010739154953753665
0.147573786893 0.010809324363057789
0.148574287144 0.010898382184944029
0.149574787394 0.011016336680037734
0.150575287644 0.01109355998726014
0.151575787894 0.011055095861619712
0.152576288144 0.010968848794100301
0.153576788394 0.010910847533170438
0.154577288644 0.010863391731492771
0.155577788894 0.011463593142301937
0.156578289145 0.011719704170569488
0.157578789395 0.011610743183646242
0.158579289645 0.011666248033636414
0.159579789895 0.011762755735365739
0.160580290145 0.01177339225179404
0.161580790395 0.011661160369304752
0.162581290645 0.011580703053309022
0.163581790895 0.011509786566282687
0.164582291146 0.011434858667736515
0.165582791396 0.011453736355126379
0.166583291646 0.011467271347649195
0.167583791896 0.011487069244008287
0.168584292146 0.01151492137503337
0.169584792396 0.011522204109765224
0.170585292646 0.011416487090730511
0.171585792896 0.011375949162615912
0.172586293147 0.011402036273832909
0.173586793397 0.011398208334827296
0.174587293647 0.011449831238611622
0.175587793897 0.01151030939254392
0.176588294147 0.011417997815419608
0.177588794397 0.011333825875329757
0.178589294647 0.011270485792925451
0.179589794897 0.01122577534295001
0.180590295148 0.011150980975346213
0.181590795398 0.011083655449902
0.182591295648 0.01102674650985618
0.183591795898 0.010990853548923622
0.184592296148 0.010955527594912782
0.185592796398 0.010921740858921326
0.186593296648 0.01089188980306312
0.187593796898 0.010856618680784838
0.188594297149 0.010830468481885014
0.189594797399 0.010807586868680628
0.190595297649 0.010778471758135946
0.191595797899 0.010757079384633354
0.192596298149 0.010737375760237915
0.193596798399 0.010717493735956074
0.194597298649 0.010974555928335692
0.195597798899 0.022066604629327052
0.19659829915 0.024060455078423738
0.1975987994 0.02112609595427449
0.19859929965 0.01905871583872049
0.1995997999 0.019009324764484477
0.20060030015 0.019180415925544834
0.2016008004 0.01916176015680662
0.20260130065 0.018369508599759308
0.2036018009 0.018151191551792473
0.204602301151 0.018105045660390083
0.205602801401 0.018099274680946787
0.206603301651 0.018105116545419297
0.207603801901 0.018146603247967276
0.208604302151 0.018150315426095805
0.209604802401 0.01790817337732425
0.210605302651 0.01771314452543096
0.211605802901 0.01763339326490436
0.212606303152 0.01757855163117552
0.213606803402 0.017538827235389957
0.214607303652 0.017511879233914632
0.215607803902 0.01749587226835617
0.216608304152 0.01750872008284537
0.217608804402 0.01753443801017321
0.218609304652 0.017499693561582957
0.219609804902 0.01740446290302049
0.220610305153 0.017256782442820556
0.221610805403 0.017209384337744812
0.222611305653 0.01714707013874877
0.223611805903 0.017083125228613296
0.224612306153 0.017031743070068498
0.225612806403 0.016999356927847518
0.226613306653 0.01699704595808588
0.227613806903 0.016976000739110663
0.228614307154 0.01698183082555699
0.229614807404 0.01698155475511257
0.230615307654 0.01697966907892182
0.231615807904 0.01691214858798882
0.232616308154 0.016775130852667023
0.233616808404 0.016622870835950716
0.234617308654 0.016485578120184054
0.235617808904 0.016430417132512854
0.236618309155 0.016391814889600717
0.237618809405 0.016287438613521416
0.238619309655 0.016237345199427863
0.239619809905 0.01620879916161963
0.240620310155 0.016190087427273816
0.241620810405 0.016156063929931568
0.242621310655 0.01612170379144069
0.243621810905 0.016086838181309154
0.244622311156 0.01604090106749676
0.245622811406 0.016040505500829746
0.246623311656 0.016029599630660012
0.247623811906 0.01599670939438664
0.248624312156 0.015977861018339586
0.249624812406 0.015880354513576517
0.250625312656 0.015822202036926847
0.251625812906 0.01569342201856561
0.252626313157 0.015614458042845364
0.253626813407 0.01553223588851877
0.254627313657 0.015457129528878417
0.255627813907 0.015390642956515505
0.256628314157 0.015374161486305977
0.257628814407 0.015345464823625202
0.258629314657 0.015318524695529327
0.259629814907 0.01529628604883786
0.260630315158 0.015258605210884076
0.261630815408 0.015228198109497753
0.262631315658 0.01519936535542624
0.263631815908 0.015180115470437282
0.264632316158 0.015156442132224035
0.265632816408 0.015141957647144383
0.266633316658 0.01512349367134495
0.267633816908 0.015096059585745758
0.268634317159 0.015104765390313316
0.269634817409 0.015094086121641922
0.270635317659 0.015065869525067345
0.271635817909 0.01504748203966388
0.272636318159 0.015079035509845419
0.273636818409 0.01510095642462025
0.274637318659 0.015260645782367757
0.275637818909 0.015116403818006116
0.27663831916 0.015119224540779965
0.27763881941 0.015056470144439766
0.27863931966 0.015053936708746803
0.27963981991 0.01505580225980713
0.28064032016 0.015094730102800026
0.28164082041 0.015103240054622014
0.28264132066 0.01510962317175354
0.28364182091 0.015105186502179391
0.284642321161 0.01509746149534548
0.285642821411 0.015095549849035512
0.286643321661 0.015099538728034002
0.287643821911 0.01508846601936051
0.288644322161 0.015105101010305124
0.289644822411 0.015134558062338155
0.290645322661 0.015155115301979705
0.291645822911 0.01515880027748996
0.292646323162 0.015164732386721665
0.293646823412 0.015172107389723972
0.294647323662 0.015175923947221254
0.295647823912 0.015185610131034135
0.296648324162 0.015196380629646677
0.297648824412 0.015236843790252919
0.298649324662 0.015225031116257849
0.299649824912 0.015283326497393973
0.300650325163 0.015289478063894904
0.301650825413 0.015433944264864326
0.302651325663 0.01571970227560246
0.303651825913 0.016851140216608943
0.304652326163 0.015739219988543492
0.305652826413 0.015782807437239966
0.306653326663 0.015829902677454884
0.307653826913 0.015893499419614484
0.308654327164 0.01595829641982436
0.309654827414 0.01600312577001956
0.310655327664 0.016068689519084356
0.311655827914 0.016139284802926677
0.312656328164 0.016242710674341108
0.313656828414 0.016279811812823133
0.314657328664 0.016328801289876495
0.315657828914 0.016390444147384307
0.316658329165 0.016475876727026714
0.317658829415 0.016560047404756043
0.318659329665 0.016605435036424886
0.319659829915 0.016781087822906018
0.320660330165 0.01689554468226516
0.321660830415 0.016845832112779104
0.322661330665 0.01682023964566865
0.323661830915 0.01682675974011865
0.324662331166 0.017126919414129946
0.325662831416 0.017453973154158923
0.326663331666 0.01730788459905466
0.327663831916 0.017420245368433236
0.328664332166 0.01783242767045502
0.329664832416 0.017939582059676103
0.330665332666 0.01770732906360467
0.331665832916 0.017572659448611975
0.332666333167 0.017558399291277903
0.333666833417 0.01751214052936598
0.334667333667 0.017480771758023626
0.335667833917 0.017441435938851974
0.336668334167 0.017456901552429262
0.337668834417 0.017481813964051903
0.338669334667 0.017622404893749857
0.339669834917 0.017740323744576226
0.340670335168 0.017859813099319975
0.341670835418 0.018245402987877177
0.342671335668 0.01803092275259828
0.343671835918 0.01790749246107064
0.344672336168 0.01783661463062164
0.345672836418 0.017765209410617808
0.346673336668 0.017704824035145943
0.347673836918 0.017727044130335292
0.348674337169 0.01782811272862814
0.349674837419 0.01793508932841075
0.350675337669 0.018096490168297404
0.351675837919 0.018199653023792155
0.352676338169 0.01801947733031297
0.353676838419 0.018082266112339956
0.354677338669 0.018176266171363677
0.355677838919 0.01829455638007923
0.35667833917 0.018536799186962473
0.35767883942 0.018320817247730648
0.35867933967 0.0182901934769676
0.35967983992 0.018286080722219922
0.36068034017 0.018373617100298962
0.36168084042 0.018384488354698133
0.36268134067 0.01843423078099901
0.36368184092 0.018571167567142867
0.364682341171 0.018693112916850347
0.365682841421 0.018810706388632328
0.366683341671 0.01870299943495388
0.367683841921 0.018719189643936276
0.368684342171 0.01874440540751771
0.369684842421 0.018756866322184484
0.370685342671 0.018780866879351293
0.371685842921 0.018891777451359674
0.372686343172 0.018967001417411353
0.373686843422 0.019057238646611813
0.374687343672 0.019087067287042028
0.375687843922 0.01909691703935954
0.376688344172 0.019125199748746703
0.377688844422 0.019174244464269012
0.378689344672 0.019222166254378066
0.379689844922 0.019296134836107214
0.380690345173 0.01939130794607955
0.381690845423 0.01946912241831234
0.382691345673 0.019546475469885305
0.383691845923 0.019654425605564643
0.384692346173 0.0197585902847723
0.385692846423 0.020116058255347347
0.386693346673 0.020556030927822787
0.387693846923 0.02107215348910089
0.388694347174 0.02235329386585814
0.389694847424 0.02170529385300685
0.390695347674 0.02174772711201111
0.391695847924 0.022115381144889517
0.392696348174 0.022271499136993767
0.393696848424 0.0221296367870007
0.394697348674 0.02232480269106561
0.395697848924 0.022529309968943086
0.396698349175 0.022813231832989087
0.397698849425 0.02279866312152374
0.398699349675 0.022624985251563954
0.399699849925 0.02248521459060999
0.400700350175 0.02249427837210823
0.401700850425 0.022519977935746432
0.402701350675 0.022576580472862328
0.403701850925 0.022665176180134323
0.404702351176 0.022709127638856644
0.405702851426 0.022639095737206814
0.406703351676 0.02274985793655524
0.407703851926 0.022912552709490483
0.408704352176 0.022822730014077038
0.409704852426 0.02283913934823329
0.410705352676 0.02287753152436662
0.411705852926 0.02292843587434006
0.412706353177 0.022994882688555963
0.413706853427 0.023005998532004152
0.414707353677 0.023070513881136095
0.415707853927 0.023206759033322606
0.416708354177 0.02326322072775107
0.417708854427 0.023335776390254612
0.418709354677 0.023396807416072505
0.419709854927 0.023491546547718845
0.420710355178 0.023596003779422357
0.421710855428 0.023947931420084348
0.422711355678 0.023966156013597743
0.423711855928 0.023986052679253307
0.424712356178 0.024225478022345582
0.425712856428 0.02445516075703593
0.426713356678 0.024234589261912184
0.427713856928 0.024288434583783356
0.428714357179 0.024322743714857847
0.429714857429 0.024371662289035353
0.430715357679 0.024396477537440075
0.431715857929 0.024470405033444668
0.432716358179 0.024626375822707183
0.433716858429 0.024801813746531856
0.434717358679 0.02498822693534618
0.435717858929 0.02521350543264839
0.43671835918 0.025477956524832153
0.43771885943 0.025410930835106572
0.43871935968 0.025474246417256215
0.43971985993 0.025714032771543355
0.44072036018 0.025834486460404003
0.44172086043 0.026107975032174567
0.44272136068 0.026622657334348588
0.44372186093 0.027084235919929003
0.444722361181 0.027594071099385813
0.445722861431 0.028434365845939634
0.446723361681 0.029194557139967995
0.447723861931 0.02846504562464686
0.448724362181 0.02845168504604922
0.449724862431 0.028601347309213997
0.450725362681 0.02881359326104099
0.451725862931 0.029014953746401066
0.452726363182 0.029212606557949723
0.453726863432 0.02942324014040412
0.454727363682 0.029929292735327722
0.455727863932 0.029926452268311858
0.456728364182 0.03000191744766779
0.457728864432 0.03048280432736026
0.458729364682 0.030873622473250702
0.459729864932 0.03126943240928959
0.460730365183 0.03276182872700726
0.461730865433 0.03259126774618685
0.462731365683 0.03178409201784383
0.463731865933 0.031680675166951215
0.464732366183 0.031589866764523605
0.465732866433 0.03159801171954182
0.466733366683 0.03160243127000314
0.467733866933 0.03160974655038787
0.468734367184 0.03172170870487651
0.469734867434 0.0318081153095364
0.470735367684 0.03190390226760495
0.471735867934 0.031975919613403674
0.472736368184 0.032125724134955784
0.473736868434 0.032299566158905585
0.474737368684 0.03241896233482324
0.475737868934 0.03254013056111546
0.476738369185 0.03265426366659748
0.477738869435 0.03277767896446689
0.478739369685 0.032918098077012105
0.479739869935 0.033138098320506224
0.480740370185 0.033402078089366655
0.481740870435 0.03365068973997819
0.482741370685 0.033838849223291695
0.483741870935 0.034002777660417934
0.484742371186 0.034111816026207865
0.485742871436 0.03421221217091878
0.486743371686 0.03437102647328014
0.487743871936 0.03458309543035624
0.488744372186 0.03481861365439636
0.489744872436 0.035104645920766946
0.490745372686 0.03558088157621845
0.491745872936 0.036110446151608445
0.492746373187 0.038168599521867325
0.493746873437 0.0395828688802926
0.494747373687 0.040484519221290455
0.495747873937 0.04135298458354129
0.496748374187 0.042596722159512435
0.497748874437 0.043255817364467715
0.498749374687 0.04347237087081577
0.499749874937 0.043859993565202204
0.500750375188 0.0444081309718583
0.501750875438 0.04497747438279179
0.502751375688 0.04549311258652957
0.503751875938 0.0461784294388397
0.504752376188 0.04688048561412135
0.505752876438 0.04756577885300613
0.506753376688 0.048388533192883824
0.507753876938 0.04885815493716004
0.508754377189 0.04920421476242424
0.509754877439 0.04955750702353478
0.510755377689 0.049630881722112295
0.511755877939 0.049917784207008035
0.512756378189 0.05001700191005485
0.513756878439 0.05025044437685339
0.514757378689 0.05055223376696355
0.515757878939 0.05077338299872583
0.51675837919 0.050883325410453185
0.51775887944 0.05114800144826527
0.51875937969 0.051755946528263576
0.51975987994 0.052384175128476304
0.52076038019 0.05342373873881687
0.52176088044 0.05521536465465225
0.52276138069 0.054688667550687
0.52376188094 0.05435212255554709
0.524762381191 0.05387761724311679
0.525762881441 0.0533950758601837
0.526763381691 0.053402045883409036
0.527763881941 0.05348548726860233
0.528764382191 0.05378509831663716
0.529764882441 0.054042948827240894
0.530765382691 0.054350951756569246
0.531765882941 0.05455401961306913
0.532766383192 0.05469885818079975
0.533766883442 0.05508646991270422
0.534767383692 0.05509935773514907
0.535767883942 0.05536672237857658
0.536768384192 0.05573692587474808
0.537768884442 0.05618133923901054
0.538769384692 0.05713959574696002
0.539769884942 0.05712707072763714
0.540770385193 0.057581104534403
0.541770885443 0.05782590714722727
0.542771385693 0.05891422543038311
0.543771885943 0.058669327783215486
0.544772386193 0.05830950634528652
0.545772886443 0.058448527542771044
0.546773386693 0.05852497440304511
0.547773886943 0.058667717475940594
0.548774387194 0.0591281991865443
0.549774887444 0.059114971876351424
0.550775387694 0.05914334100962249
0.551775887944 0.05934147545687901
0.552776388194 0.06041425587075561
0.553776888444 0.06171753266391284
0.554777388694 0.06304785740075014
0.555777888944 0.06642672067687969
0.556778389195 0.06434362379937486
0.557778889445 0.06577373551458206
0.558779389695 0.06609108661200584
0.559779889945 0.06796261683490791
0.560780390195 0.0670463096593474
0.561780890445 0.0673861608724273
0.562781390695 0.06799033119889815
0.563781890945 0.06855250563249757
0.564782391196 0.06943038764746218
0.565782891446 0.07120476078300429
0.566783391696 0.07211081898096473
0.567783891946 0.07366444778436033
0.568784392196 0.07464787031466985
0.569784892446 0.07517713480456625
0.570785392696 0.07530254738827832
0.571785892946 0.07518115160764788
0.572786393197 0.0748873001047152
0.573786893447 0.07473791223906961
0.574787393697 0.07489839976056346
0.575787893947 0.07542505734289259
0.576788394197 0.07611980407988482
0.577788894447 0.07690033893513609
0.578789394697 0.07800190431669472
0.579789894947 0.07784635993293822
0.580790395198 0.07818959517539181
0.581790895448 0.07980412533083524
0.582791395698 0.07975112193445424
0.583791895948 0.08105662596347242
0.584792396198 0.08255773168218226
0.585792896448 0.0824985999692602
0.586793396698 0.08359083799671783
0.587793896948 0.08461340566532327
0.588794397199 0.08493813935233717
0.589794897449 0.08591701355996013
0.590795397699 0.08770992836383269
0.591795897949 0.08802141060319256
0.592796398199 0.08904232978465572
0.593796898449 0.09116013312004326
0.594797398699 0.091328999114261
0.595797898949 0.09222513785730074
0.5967983992 0.09367584114125468
0.59779889945 0.09401067357068026
0.5987993997 0.09553666584925244
0.59979989995 0.09689614958201138
0.6008004002 0.0971317378666973
0.60180090045 0.10861971696365526
0.6028014007 0.12070448373171569
0.60380190095 0.13095342683551722
0.604802401201 0.14182183150472072
0.605802901451 0.14986252698258118
0.606803401701 0.1650488877531123
0.607803901951 0.16161499307311916
0.608804402201 0.15316085745038727
0.609804902451 0.14450882488091377
0.610805402701 0.14318350625150333
0.611805902951 0.14122884437289177
0.612806403202 0.13956352251408746
0.613806903452 0.14090332105717474
0.614807403702 0.14139217785228905
0.615807903952 0.14212618724412493
0.616808404202 0.143139340319433
0.617808904452 0.14381153447309986
0.618809404702 0.14439345151420396
0.619809904952 0.14811967157165504
0.620810405203 0.1558929880385859
0.621810905453 0.1539898747659347
0.622811405703 0.15106719070745583
0.623811905953 0.14665424474351152
0.624812406203 0.1448307794762653
0.625812906453 0.141944790968137
0.626813406703 0.14057565753381054
0.627813906953 0.14138213010797562
0.628814407204 0.14106475901799478
0.629814907454 0.1411374759641894
0.630815407704 0.1420438119064318
0.631815907954 0.15076729832651115
0.632816408204 0.14468884445811048
0.633816908454 0.14514077916647306
0.634817408704 0.141252804259007
0.635817908954 0.14056440229791442
0.636818409205 0.140251303812243
0.637818909455 0.13956414019825913
0.638819409705 0.13863808502820543
0.639819909955 0.13807359587816154
0.640820410205 0.13817591166485949
0.641820910455 0.13810030443084598
0.642821410705 0.1381864289741973
0.643821910955 0.13836275457468084
0.644822411206 0.13848305951025502
0.645822911456 0.13874508099149718
0.646823411706 0.13904799944072788
0.647823911956 0.1398331570522388
0.648824412206 0.1402643186080608
0.649824912456 0.1407549408742832
0.650825412706 0.14074990296483728
0.651825912956 0.14195188676090412
0.652826413207 0.14268212467432878
0.653826913457 0.14318223475905545
0.654827413707 0.14318861122497958
0.655827913957 0.14402528890642122
0.656828414207 0.1441977744165186
0.657828914457 0.14441118092975902
0.658829414707 0.14487564816497223
0.659829914957 0.1464550121759525
0.660830415208 0.14790205913335894
0.661830915458 0.1492058344510442
0.662831415708 0.1523355133289792
0.663831915958 0.1531764569480557
0.664832416208 0.15118311789706182
0.665832916458 0.15109887218323254
0.666833416708 0.15142568504279785
0.667833916958 0.15252974943124858
0.668834417209 0.15364251264659443
0.669834917459 0.1540576025511215
0.670835417709 0.15394278827191965
0.671835917959 0.15528786106472237
0.672836418209 0.15803718057934946
0.673836918459 0.16143862777223944
0.674837418709 0.1615128431877325
0.675837918959 0.16079782769895373
0.67683841921 0.16210548194184876
0.67783891946 0.1642998197568306
0.67883941971 0.16681387799804934
0.67983991996 0.17089120915727724
0.68084042021 0.17126649129928445
0.68184092046 0.17610988268258887
0.68284142071 0.18074493876126696
0.68384192096 0.18579412151529892
0.684842421211 0.19115547474548902
0.685842921461 0.2055568296906713
0.686843421711 0.20722650121710717
0.687843921961 0.2014481507542277
0.688844422211 0.19355766470628052
0.689844922461 0.18860893088894692
0.690845422711 0.18677862279082683
0.691845922961 0.18366130644663928
0.692846423212 0.1851551128246973
0.693846923462 0.18570824036291164
0.694847423712 0.1862277368053608
0.695847923962 0.18645035946358784
0.696848424212 0.18645658126137749
0.697848924462 0.18660261714816326
0.698849424712 0.18673435222315743
0.699849924962 0.19071075703075113
0.700850425213 0.1931273345987257
0.701850925463 0.19174795253105498
0.702851425713 0.1931754750589546
0.703851925963 0.19356290462176792
0.704852426213 0.192229269047619
0.705852926463 0.19206835301268338
0.706853426713 0.19403919541094017
0.707853926963 0.1952421821663775
0.708854427214 0.19751327158862686
0.709854927464 0.19830235228536114
0.710855427714 0.19861686511451734
0.711855927964 0.20044452910963084
0.712856428214 0.20260226545785923
0.713856928464 0.2075907339460361
0.714857428714 0.20581832460017863
0.715857928964 0.20852671769867315
0.716858429215 0.2039108442334241
0.717858929465 0.20375989412033618
0.718859429715 0.20339632762327942
0.719859929965 0.20314472976084838
0.720860430215 0.2026274075402327
0.721860930465 0.20319248713067536
0.722861430715 0.20268498861669262
0.723861930965 0.20308892580333146
0.724862431216 0.20326264222150656
0.725862931466 0.20389221444398298
0.726863431716 0.20466007639032716
0.727863931966 0.20570400232873948
0.728864432216 0.20687140742388244
0.729864932466 0.20777814565652983
0.730865432716 0.2085142152521948
0.731865932966 0.20860733212229016
0.732866433217 0.20956261233255874
0.733866933467 0.21017589071241
0.734867433717 0.2118423059522947
0.735867933967 0.21239459511002293
0.736868434217 0.21335404909960096
0.737868934467 0.2144409231018439
0.738869434717 0.21548801967438463
0.739869934967 0.21647542614007345
0.740870435218 0.21831023288381185
0.741870935468 0.21846655601665183
0.742871435718 0.21906271206580596
0.743871935968 0.2225179946748697
0.744872436218 0.22565392278165755
0.745872936468 0.22298824259584782
0.746873436718 0.22832371496567094
0.747873936968 0.2329197059293377
0.748874437219 0.2361056051481445
0.749874937469 0.23483253188161457
0.750875437719 0.23554261913656094
0.751875937969 0.2362041973974799
0.752876438219 0.2363932575515594
0.753876938469 0.2389897838981206
0.754877438719 0.24015232566972597
0.755877938969 0.2390444851700025
0.75687843922 0.23892681090839926
0.75787893947 0.23936129956538324
0.75887943972 0.2394729648288615
0.75987993997 0.2396692924178246
0.76088044022 0.24011309709656387
0.76188094047 0.2411395255770045
0.76288144072 0.24250724329842943
0.76388194097 0.24674581107215593
0.764882441221 0.24656134282850803
0.765882941471 0.24535749930114048
0.766883441721 0.24613785257240706
0.767883941971 0.24686144080713965
0.768884442221 0.2508834399478173
0.769884942471 0.2515503651035568
0.770885442721 0.2657640122957899
0.771885942971 0.25902139091689386
0.772886443222 0.26463420110390984
0.773886943472 0.2709775119602272
0.774887443722 0.24797682177283092
0.775887943972 0.2470611248011994
0.776888444222 0.24724001303799562
0.777888944472 0.2401042398241721
0.778889444722 0.2374184888226583
0.779889944972 0.2367598553096565
0.780890445223 0.2368903441920298
0.781890945473 0.23712215890213864
0.782891445723 0.2353642395901652
0.783891945973 0.23536436989720452
0.784892446223 0.23669349886253643
0.785892946473 0.23355931914940964
0.786893446723 0.23256702020467848
0.787893946973 0.2327463825664805
0.788894447224 0.23334405746489031
0.789894947474 0.2337624471870268
0.790895447724 0.23458104997831747
0.791895947974 0.2368582726055043
0.792896448224 0.23633702927167383
0.793896948474 0.23704318979434263
0.794897448724 0.2377921073724795
0.795897948974 0.23927536853993767
0.796898449225 0.2408302464663509
0.797898949475 0.24608815919621382
0.798899449725 0.2551049805826137
0.799899949975 0.25048884565329194
0.800900450225 0.2514435351608386
0.801900950475 0.2510614457623481
0.802901450725 0.24921731712315412
0.803901950975 0.25033456884636296
0.804902451226 0.25193602878555554
0.805902951476 0.25500473128893386
0.806903451726 0.2579864116255565
0.807903951976 0.25796970459915647
0.808904452226 0.2599761488470876
0.809904952476 0.2619781315949325
0.810905452726 0.27089636106183107
0.811905952976 0.26973904025683415
0.812906453227 0.26811813769516435
0.813906953477 0.263079325512817
0.814907453727 0.2552316126664392
0.815907953977 0.2502101181272999
0.816908454227 0.24849077728488664
0.817908954477 0.24447329482471283
0.818909454727 0.24439036340801726
0.819909954977 0.24560905605319477
0.820910455228 0.24712026343986498
0.821910955478 0.24800621018187247
0.822911455728 0.25134771224068664
0.823911955978 0.25315347454195264
0.824912456228 0.2572044095587695
0.825912956478 0.25230006785426645
0.826913456728 0.25254212975156165
0.827913956978 0.2524328962767082
0.828914457229 0.25323702906197726
0.829914957479 0.25462429667519093
0.830915457729 0.2567345649210528
0.831915957979 0.257605389391979
0.832916458229 0.25938177334451107
0.833916958479 0.26162817270390426
0.834917458729 0.2645082672510161
0.835917958979 0.2654216645997509
0.83691845923 0.26766314820930415
0.83791895948 0.2652824721507
0.83891945973 0.2682065325653637
0.83991995998 0.2744877100064372
0.84092046023 0.275133277886103
0.84192096048 0.2765285175420617
0.84292146073 0.2801293331212905
0.84392196098 0.28459228307772866
0.844922461231 0.28840167036560055
0.845922961481 0.29007433858862297
0.846923461731 0.29202633021230223
0.847923961981 0.2942182449400795
0.848924462231 0.2968673456640125
0.849924962481 0.29941583127644195
0.850925462731 0.3037218695506332
0.851925962981 0.30783749516593695
0.852926463232 0.31437765208853957
0.853926963482 0.3172314700908396
0.854927463732 0.32151815965880354
0.855927963982 0.32653044335297393
0.856928464232 0.333951056072233
0.857928964482 0.34064696931003724
0.858929464732 0.346950960799781
0.859929964982 0.3554319637608882
0.860930465233 0.36224274451693067
0.861930965483 0.3691857177999406
0.862931465733 0.3798667140743424
0.863931965983 0.38360343248581386
0.864932466233 0.3948473134372178
0.865932966483 0.40509774936485893
0.866933466733 0.4150976611420782
0.867933966983 0.42246870931991676
0.868934467234 0.4347264632655235
0.869934967484 0.4557801075205379
0.870935467734 0.473433224259791
0.871935967984 0.49600813979967345
0.872936468234 0.5496058279836221
0.873936968484 0.6023760267580532
0.874937468734 0.714097478490559
0.875937968984 0.6804210479638192
0.876938469235 0.426142234985734
0.877938969485 0.37854882946914087
0.878939469735 0.3574571338281041
0.879939969985 0.34599543448777864
0.880940470235 0.33836944730899826
0.881940970485 0.3325996368135779
0.882941470735 0.32773237140643163
0.883941970985 0.3260795285130498
0.884942471236 0.3247042936852903
0.885942971486 0.32408322636913955
0.886943471736 0.3242747990515645
0.887943971986 0.32568013587321276
0.888944472236 0.32877975787851643
0.889944972486 0.3305894926502069
0.890945472736 0.3395306680011725
0.891945972986 0.34980433107044256
0.892946473237 0.35856964962799404
0.893946973487 0.3690981347799883
0.894947473737 0.3786792635049874
0.895947973987 0.38687172904852224
0.896948474237 0.40187712405726145
0.897948974487 0.4299729924917679
0.898949474737 0.4673904022531399
0.899949974987 0.46744093202107184
0.900950475238 0.43858267584884447
0.901950975488 0.426085338924518
0.902951475738 0.42449598312837716
0.903951975988 0.41679644045125847
0.904952476238 0.41591635146302736
0.905952976488 0.41273218416462426
0.906953476738 0.4143698355089555
0.907953976988 0.41686229716727613
0.908954477239 0.4214320538635394
0.909954977489 0.40312454198145026
0.910955477739 0.3991100099546793
0.911955977989 0.39337454964357316
0.912956478239 0.38973463289091126
0.913956978489 0.38537620114148774
0.914957478739 0.3805104844845753
0.915957978989 0.38672750531487093
0.91695847924 0.4060907550124877
0.91795897949 0.4121470591598805
0.91895947974 0.46109844035204095
0.91995997999 0.5682713440947043
0.92096048024 0.6439171268703272
0.92196098049 0.674944153551164
0.92296148074 0.58481058307872
0.92396198099 0.48708357272163855
0.924962481241 0.46140292287146933
0.925962981491 0.4391535596378231
0.926963481741 0.426004861616628
0.927963981991 0.4208559907112281
0.928964482241 0.42221072815710603
0.929964982491 0.4237170946738879
0.930965482741 0.3791314408688662
0.931965982991 0.366723259334504
0.932966483242 0.3622352094812968
0.933966983492 0.35662948865299593
0.934967483742 0.35379095097411095
0.935967983992 0.3502051900058748
0.936968484242 0.34914714025009047
0.937968984492 0.34626758490994997
0.938969484742 0.3441332942992747
0.939969984992 0.3414936350683403
0.940970485243 0.3413791104121535
0.941970985493 0.33877679275583605
0.942971485743 0.3373314157104807
0.943971985993 0.3361871331796613
0.944972486243 0.3348096627005698
0.945972986493 0.33244132731869164
0.946973486743 0.3308977814512502
0.947973986993 0.32849042714245213
0.948974487244 0.32663559603793135
0.949974987494 0.3253411129827519
0.950975487744 0.3239870105958719
0.951975987994 0.3221833929313745
0.952976488244 0.3198775145690483
0.953976988494 0.3175682908365932
0.954977488744 0.3162518280293005
0.955977988994 0.31461811902263
0.956978489245 0.31457656031216147
0.957978989495 0.3133543023452219
0.958979489745 0.3128744170740807
0.959979989995 0.31300818928438523
0.960980490245 0.3133867804370239
0.961980990495 0.3133571807165834
0.962981490745 0.32409062923088566
0.963981990995 0.35870075849516725
0.964982491246 0.36713716709674515
0.965982991496 0.3726612701199362
0.966983491746 0.38207470543194744
0.967983991996 0.3977584757690548
0.968984492246 0.42434532641141975
0.969984992496 0.41363183682108373
0.970985492746 0.42386208320052515
0.971985992996 0.40142594639673973
0.972986493247 0.40326745682206777
0.973986993497 0.3942403166839679
0.974987493747 0.40856247407710744
0.975987993997 0.4004013637585712
0.976988494247 0.3616869033316942
0.977988994497 0.35153985054868053
0.978989494747 0.3368786049054494
0.979989994997 0.3352795268328951
0.980990495248 0.33118105137051784
0.981990995498 0.32715303082269065
0.982991495748 0.32613336863358733
0.983991995998 0.32417848307949576
0.984992496248 0.3223058380895669
0.985992996498 0.3218528579818779
0.986993496748 0.32498384445044326
0.987993996998 0.32573768087946364
0.988994497249 0.32549101498477323
0.989994997499 0.32665208140104723
0.990995497749 0.32896420944874644
0.991995997999 0.3326892247458435
0.992996498249 0.3370776817256665
0.993996998499 0.34646401619764
0.994997498749 0.3356368987545618
0.995997999 0.3334946057768113
0.99699849925 0.3349051033890586
0.9979989995 0.3368822336111172
0.99899949975 0.33934329815271314
1.0 0.33066016335570236
