-1.0 0.0417614097469994
-0.99899949975 0.041812008299174114
-0.9979989995 0.04196579252888188
-0.99699849925 0.0423663491857286
-0.995997999 0.04242177570979695
-0.994997498749 0.0425773141167213
-0.993996998499 0.04266236566907813
-0.992996498249 0.04320798337697991
-0.991995997999 0.04495135438589417
-0.990995497749 0.043439515699660466
-0.989994997499 0.043334909553599754
-0.988994497249 0.04402514984875611
-0.987993996998 0.04361500817311895
-0.986993496748 0.04326321129418233
-0.985992996498 0.043628619205648346
-0.984992496248 0.04333505674847268
-0.983991995998 0.043648707341192916
-0.982991495748 0.041439814510130485
-0.981990995498 0.041345026867337785
-0.980990495248 0.041378768062299856
-0.979989994997 0.04154866573967416
-0.978989494747 0.0414374677326444
-0.977988994497 0.04123395412623235
-0.976988494247 0.04119133634499071
-0.975987993997 0.041139290327438724
-0.974987493747 0.04120333124003299
-0.973986993497 0.04116044157708843
-0.972986493247 0.04494840581082479
-0.971985992996 0.0461225239842354
-0.970985492746 0.046080707848166536
-0.969984992496 0.046168973166333754
-0.968984492246 0.04604547020639289
-0.967983991996 0.05059966990480353
-0.966983491746 0.04985470052629809
-0.965982991496 0.04941084299012701
-0.964982491246 0.04811598771887065
-0.963981990995 0.04829029827352645
-0.962981490745 0.04858125549090742
-0.961980990495 0.04910131358624746
-0.960980490245 0.049710537912999744
-0.959979989995 0.050576232981329496
-0.958979489745 0.04960504962901651
-0.957978989495 0.0495730233911885
-0.956978489245 0.049543258153488486
-0.955977988994 0.04972652349516642
-0.954977488744 0.049317066409550796
-0.953976988494 0.05064385528467327
-0.952976488244 0.05049816602807061
-0.951975987994 0.05097744778494383
-0.950975487744 0.05045869857933932
-0.949974987494 0.049965849952172105
-0.948974487244 0.049385537264363746
-0.947973986993 0.04923363297588376
-0.946973486743 0.04856847038450019
-0.945972986493 0.04812999077866873
-0.944972486243 0.047651520945357594
-0.943971985993 0.04713584166645232
-0.942971485743 0.04698656042368673
-0.941970985493 0.04656967097612751
-0.940970485243 0.04609725606393818
-0.939969984992 0.045623989461867014
-0.938969484742 0.04534196423704415
-0.937968984492 0.045086047830852335
-0.936968484242 0.04495520632609474
-0.935967983992 0.0452124796194228
-0.934967483742 0.046195414126851554
-0.933966983492 0.04602350294513494
-0.932966483242 0.04739763977130911
-0.931965982991 0.05073329473099285
-0.930965482741 0.0483387798070127
-0.929964982491 0.047431777303287376
-0.928964482241 0.04808140178605935
-0.927963981991 0.04634913784185309
-0.926963481741 0.0453792222233438
-0.925962981491 0.04470538377514914
-0.924962481241 0.04390415936979159
-0.92396198099 0.043607026322714924
-0.92296148074 0.0434251839580936
-0.92196098049 0.043333030625268096
-0.92096048024 0.04363461923331404
-0.91995997999 0.04384879170855506
-0.91895947974 0.043955873063008674
-0.91795897949 0.04427007743369242
-0.91695847924 0.04449962455022112
-0.915957978989 0.04501192108071264
-0.914957478739 0.04569489139603744
-0.913956978489 0.046854196723715755
-0.912956478239 0.04723959146089507
-0.911955977989 0.04644346482087336
-0.910955477739 0.04460979813757578
-0.909954977489 0.045915851074380655
-0.908954477239 0.04025401273393546
-0.907953976988 0.039149954772668666
-0.906953476738 0.03903259046550006
-0.905952976488 0.0387846544871714
-0.904952476238 0.03865455016613699
-0.903951975988 0.03850296674608382
-0.902951475738 0.038344264355235656
-0.901950975488 0.038271948455879265
-0.900950475238 0.038708253843268745
-0.899949974987 0.040785266438049486
-0.898949474737 0.03945582232397331
-0.897948974487 0.03979828418197608
-0.896948474237 0.03979849134637974
-0.895947973987 0.03961241355084016
-0.894947473737 0.04091217408774317
-0.893946973487 0.04257430556545397
-0.892946473237 0.0430396189073602
-0.891945972986 0.042723521214066425
-0.890945472736 0.043108131556855264
-0.889944972486 0.04375341536451958
-0.888944472236 0.0433001259039447
-0.887943971986 0.04295133653811993
-0.886943471736 0.04289264260952301
-0.885942971486 0.043452994534493444
-0.884942471236 0.043601305273522836
-0.883941970985 0.04423596346982955
-0.882941470735 0.045020627924804775
-0.881940970485 0.04382999569798563
-0.880940470235 0.04589356748582503
-0.879939969985 0.04905313414270675
-0.878939469735 0.04885828613702746
-0.877938969485 0.04760235306356996
-0.876938469235 0.047694775234593964
-0.875937968984 0.04710589855358543
-0.874937468734 0.04724319660280252
-0.873936968484 0.04625848888953282
-0.872936468234 0.047650531825445916
-0.871935967984 0.04763250509025947
-0.870935467734 0.04736616440105274
-0.869934967484 0.04731841510439398
-0.868934467234 0.04863345219014778
-0.867933966983 0.04954445680401732
-0.866933466733 0.04797033154341594
-0.865932966483 0.04734516049212388
-0.864932466233 0.04719826337376606
-0.863931965983 0.04787444824127103
-0.862931465733 0.04924672359256785
-0.861930965483 0.04924527799837514
-0.860930465233 0.04930874323834141
-0.859929964982 0.04836203203352974
-0.858929464732 0.0479776393902257
-0.857928964482 0.04795396713620109
-0.856928464232 0.04969370976376514
-0.855927963982 0.05074951556411595
-0.854927463732 0.05034118321221611
-0.853926963482 0.05065398165123805
-0.852926463232 0.051460013089917045
-0.851925962981 0.05093089512816183
-0.850925462731 0.05030933011905155
-0.849924962481 0.050907610340911354
-0.848924462231 0.050618881777162075
-0.847923961981 0.048761589203722304
-0.846923461731 0.047845686251159175
-0.845922961481 0.04757099921940936
-0.844922461231 0.048662138257412536
-0.84392196098 0.04596671442851677
-0.84292146073 0.04594041944559132
-0.84192096048 0.04601728033783661
-0.84092046023 0.04624122074264269
-0.83991995998 0.046697003838350896
-0.83891945973 0.04446642266150384
-0.83791895948 0.04472985327926828
-0.83691845923 0.04519780556911189
-0.835917958979 0.04346078948688009
-0.834917458729 0.043409335393824855
-0.833916958479 0.04317534126401512
-0.832916458229 0.042939995159125874
-0.831915957979 0.04244339891927531
-0.830915457729 0.04226854761360621
-0.829914957479 0.04329527047866681
-0.828914457229 0.043408253873637975
-0.827913956978 0.04373697642337051
-0.826913456728 0.04632345144895937
-0.825912956478 0.046776819040015384
-0.824912456228 0.046696523279253714
-0.823911955978 0.04756178008507793
-0.822911455728 0.04730135977678427
-0.821910955478 0.047362243780915976
-0.820910455228 0.047408302200851474
-0.819909954977 0.04730032257203492
-0.818909454727 0.047799494421354324
-0.817908954477 0.04803964760300486
-0.816908454227 0.04636933459993111
-0.815907953977 0.0455162019631175
-0.814907453727 0.044903109814090486
-0.813906953477 0.046170989580119455
-0.812906453227 0.04614415444807233
-0.811905952976 0.045867868817410715
-0.810905452726 0.045895121691992384
-0.809904952476 0.04576858911126042
-0.808904452226 0.0455881044965193
-0.807903951976 0.04572780688219665
-0.806903451726 0.04639275608696834
-0.805902951476 0.047449716955980215
-0.804902451226 0.04742562562604385
-0.803901950975 0.0471665137025202
-0.802901450725 0.047043776237708244
-0.801900950475 0.047299178227386274
-0.800900450225 0.048157462176653586
-0.799899949975 0.047177696001680224
-0.798899449725 0.04700554947640476
-0.797898949475 0.04630300023102377
-0.796898449225 0.046092519529078085
-0.795897948974 0.04623012088479976
-0.794897448724 0.045973252902038374
-0.793896948474 0.04554976655835707
-0.792896448224 0.04506155506509997
-0.791895947974 0.045033194312890455
-0.790895447724 0.04504317526394826
-0.789894947474 0.04233932924137665
-0.788894447224 0.042258659577152816
-0.787893946973 0.04218085322812886
-0.786893446723 0.04210138627722182
-0.785892946473 0.042102645747176606
-0.784892446223 0.04214344903121503
-0.783891945973 0.042392358476718295
-0.782891445723 0.04212645407624574
-0.781890945473 0.0417143488673672
-0.780890445223 0.041509233021638614
-0.779889944972 0.041395305440651994
-0.778889444722 0.0412568060790402
-0.777888944472 0.04112535660257033
-0.776888444222 0.041003940149726706
-0.775887943972 0.0410612996216762
-0.774887443722 0.041446486401717955
-0.773886943472 0.04221966438980543
-0.772886443222 0.04256664334212433
-0.771885942971 0.04356598802381208
-0.770885442721 0.04370355155774523
-0.769884942471 0.042597067326497935
-0.768884442221 0.04257113365128207
-0.767883941971 0.04282258570931595
-0.766883441721 0.04251754057929159
-0.765882941471 0.04904059388032549
-0.764882441221 0.04793894490085944
-0.76388194097 0.051372703260620045
-0.76288144072 0.04799042300039025
-0.76188094047 0.04779239240090659
-0.76088044022 0.04796933907526392
-0.75987993997 0.048214857177870586
-0.75887943972 0.048571052413619316
-0.75787893947 0.04990526382123306
-0.75687843922 0.04869803024956424
-0.755877938969 0.04799130624842476
-0.754877438719 0.04774762472245534
-0.753876938469 0.04728228594907763
-0.752876438219 0.047047528624382995
-0.751875937969 0.047123410150372705
-0.750875437719 0.04736738411145898
-0.749874937469 0.04752524234653979
-0.748874437219 0.047872369604904624
-0.747873936968 0.04814433734430725
-0.746873436718 0.04842974943086195
-0.745872936468 0.04907516636924502
-0.744872436218 0.04959391416077054
-0.743871935968 0.05037380972482649
-0.742871435718 0.05122699924778021
-0.741870935468 0.054426839461127675
-0.740870435218 0.062334904903002405
-0.739869934967 0.06923498397850765
-0.738869434717 0.06852152787401125
-0.737868934467 0.06881983492860907
-0.736868434217 0.06424209363857644
-0.735867933967 0.062335574738541864
-0.734867433717 0.06145086311626335
-0.733866933467 0.06127529601939706
-0.732866433217 0.06118012805690362
-0.731865932966 0.06217241367937268
-0.730865432716 0.06219818552203399
-0.729864932466 0.05965704632715902
-0.728864432216 0.058545266927505765
-0.727863931966 0.057914986927821925
-0.726863431716 0.05703446336925824
-0.725862931466 0.05590697248905764
-0.724862431216 0.054749133775246504
-0.723861930965 0.054460760019565034
-0.722861430715 0.05409695460354101
-0.721860930465 0.05377697828141005
-0.720860430215 0.05348004733128894
-0.719859929965 0.05317061361304892
-0.718859429715 0.052868231583240013
-0.717858929465 0.05247309992032583
-0.716858429215 0.05205040713299993
-0.715857928964 0.05171206635261255
-0.714857428714 0.05138008498273802
-0.713856928464 0.05096121549161853
-0.712856428214 0.050556140212645366
-0.711855927964 0.050162884225594825
-0.710855427714 0.04975576441007069
-0.709854927464 0.049386357509449655
-0.708854427214 0.049084117892939545
-0.707853926963 0.04866380560735825
-0.706853426713 0.048374152034060765
-0.705852926463 0.04807825162055117
-0.704852426213 0.047895518419605064
-0.703851925963 0.04751236100951779
-0.702851425713 0.047209789576211816
-0.701850925463 0.04699471511628201
-0.700850425213 0.04671999420107839
-0.699849924962 0.046393212070145996
-0.698849424712 0.04620344156209508
-0.697848924462 0.046042189285477424
-0.696848424212 0.04573172544674967
-0.695847923962 0.04551554841884885
-0.694847423712 0.04525594465084167
-0.693846923462 0.045124904224630086
-0.692846423212 0.044961050725379315
-0.691845922961 0.04480494193883653
-0.690845422711 0.04455027088803254
-0.689844922461 0.0443156196875026
-0.688844422211 0.04340209827737578
-0.687843921961 0.043239691383306925
-0.686843421711 0.043143386736231006
-0.685842921461 0.04316082358129585
-0.684842421211 0.043330903426956426
-0.68384192096 0.043668265485997164
-0.68284142071 0.04315722666875772
-0.68184092046 0.0429509946648043
-0.68084042021 0.04305626912646535
-0.67983991996 0.043266170089062195
-0.67883941971 0.04302428758686071
-0.67783891946 0.04286433341815407
-0.67683841921 0.04257500900974037
-0.675837918959 0.04386777394558546
-0.674837418709 0.04411303192243027
-0.673836918459 0.044296827916476905
-0.672836418209 0.044836118389634735
-0.671835917959 0.04412885218570042
-0.670835417709 0.04340844854402194
-0.669834917459 0.041581873638330595
-0.668834417209 0.04143049925217921
-0.667833916958 0.041982695097573776
-0.666833416708 0.04316586918823729
-0.665832916458 0.042725422416334334
-0.664832416208 0.0413439876630718
-0.663831915958 0.04117134462215527
-0.662831415708 0.040906237877962354
-0.661830915458 0.0407994619372144
-0.660830415208 0.040715132203561114
-0.659829914957 0.04070366917594222
-0.658829414707 0.04069228723473493
-0.657828914457 0.04081075040304776
-0.656828414207 0.04092082681652837
-0.655827913957 0.0407895464029192
-0.654827413707 0.04072175411994486
-0.653826913457 0.040780882401002354
-0.652826413207 0.040721788003656306
-0.651825912956 0.04078580994794616
-0.650825412706 0.04074228000601661
-0.649824912456 0.04077144836058808
-0.648824412206 0.04085847901485337
-0.647823911956 0.04090202960951293
-0.646823411706 0.04104879854361742
-0.645822911456 0.041144179025836204
-0.644822411206 0.04134701726427164
-0.643821910955 0.04157669175097681
-0.642821410705 0.04178791886194791
-0.641820910455 0.04190764613167243
-0.640820410205 0.04226738308394502
-0.639819909955 0.04249914141147364
-0.638819409705 0.04284716991198436
-0.637818909455 0.043203003569409086
-0.636818409205 0.04372004317768782
-0.635817908954 0.04395963458771052
-0.634817408704 0.04442334073396428
-0.633816908454 0.04460619445810535
-0.632816408204 0.04432231336608507
-0.631815907954 0.0446178325043507
-0.630815407704 0.045118933036777116
-0.629814907454 0.045543885530358943
-0.628814407204 0.045519170006188665
-0.627813906953 0.04581374399943515
-0.626813406703 0.04764227993725912
-0.625812906453 0.04614264378263687
-0.624812406203 0.04586468331279952
-0.623811905953 0.04574726712809897
-0.622811405703 0.04582212817709885
-0.621810905453 0.04616046982146708
-0.620810405203 0.04660366764371594
-0.619809904952 0.04710637090795235
-0.618809404702 0.04730064175224008
-0.617808904452 0.047260844462773004
-0.616808404202 0.04735422610813668
-0.615807903952 0.04757665658000351
-0.614807403702 0.04797278032893669
-0.613806903452 0.048510131951107045
-0.612806403202 0.04920912850561539
-0.611805902951 0.05004950691066731
-0.610805402701 0.051497056555748016
-0.609804902451 0.05205867416407129
-0.608804402201 0.053586772966125046
-0.607803901951 0.053500083039717525
-0.606803401701 0.05589330268680863
-0.605802901451 0.05267350996883011
-0.604802401201 0.054246923400651674
-0.60380190095 0.054159734209293126
-0.6028014007 0.053614733872942126
-0.60180090045 0.05381344757843839
-0.6008004002 0.054646506396841744
-0.59979989995 0.05534064286703267
-0.5987993997 0.05847161854634282
-0.59779889945 0.05697167952115989
-0.5967983992 0.05489059107373328
-0.595797898949 0.05397191162344869
-0.594797398699 0.05292783910552936
-0.593796898449 0.05239019315029742
-0.592796398199 0.052144744235593135
-0.591795897949 0.05187370698655296
-0.590795397699 0.05179043629236509
-0.589794897449 0.05152071059445144
-0.588794397199 0.05191042253102507
-0.587793896948 0.05294345241151813
-0.586793396698 0.053025563093667634
-0.585792896448 0.050855074152677066
-0.584792396198 0.050261915191059346
-0.583791895948 0.04990712137035458
-0.582791395698 0.049967988518049414
-0.581790895448 0.05194176086493282
-0.580790395198 0.05270829378637811
-0.579789894947 0.049455224318482496
-0.578789394697 0.049052955020612625
-0.577788894447 0.04703781886835337
-0.576788394197 0.046638673539822914
-0.575787893947 0.046230382034552875
-0.574787393697 0.046068362986465716
-0.573786893447 0.04597159149926227
-0.572786393197 0.04585582509880485
-0.571785892946 0.04571669720746793
-0.570785392696 0.04566961938299283
-0.569784892446 0.04557165551618654
-0.568784392196 0.045583541210649156
-0.567783891946 0.04562713910972558
-0.566783391696 0.04599192067034461
-0.565782891446 0.04593233465971625
-0.564782391196 0.045698370618247504
-0.563781890945 0.04552768413223585
-0.562781390695 0.04514419532492705
-0.561780890445 0.04564909234240034
-0.560780390195 0.04437240482871791
-0.559779889945 0.04438197273732695
-0.558779389695 0.04411746478214133
-0.557778889445 0.044179978596813836
-0.556778389195 0.043317971676322044
-0.555777888944 0.043287989740916355
-0.554777388694 0.04303019308745906
-0.553776888444 0.042524079774840545
-0.552776388194 0.042558218395896213
-0.551775887944 0.042388798347568785
-0.550775387694 0.042226237858907834
-0.549774887444 0.04200941532939646
-0.548774387194 0.041906801879098454
-0.547773886943 0.041668782913414186
-0.546773386693 0.041526014541908775
-0.545772886443 0.04140861830955068
-0.544772386193 0.041369445322078056
-0.543771885943 0.041310444174120685
-0.542771385693 0.041413989904294304
-0.541770885443 0.04125459438656603
-0.540770385193 0.04091583398470689
-0.539769884942 0.03952148664705632
-0.538769384692 0.03922453837210918
-0.537768884442 0.038924515159317316
-0.536768384192 0.038705720831813006
-0.535767883942 0.038604734944960535
-0.534767383692 0.038592542736816664
-0.533766883442 0.03867495857679143
-0.532766383192 0.03843596012957376
-0.531765882941 0.0383403947917599
-0.530765382691 0.03824668202183518
-0.529764882441 0.03815236313228312
-0.528764382191 0.038152087666421294
-0.527763881941 0.03816969560496072
-0.526763381691 0.03802325858092601
-0.525762881441 0.037773085521217754
-0.524762381191 0.03721486647858554
-0.52376188094 0.03732833979281612
-0.52276138069 0.03732845926364298
-0.52176088044 0.0372780505579248
-0.52076038019 0.03724639840097504
-0.51975987994 0.03727900494210939
-0.51875937969 0.03729453963780122
-0.51775887944 0.03727853570050073
-0.51675837919 0.037273474887937814
-0.515757878939 0.03733811982843409
-0.514757378689 0.03743122455591176
-0.513756878439 0.037606968345428454
-0.512756378189 0.03696747465300599
-0.511755877939 0.03696713501549833
-0.510755377689 0.036923380913390626
-0.509754877439 0.03690687415178525
-0.508754377189 0.036899937188846044
-0.507753876938 0.036996383871717164
-0.506753376688 0.03698370079901465
-0.505752876438 0.037065704078955826
-0.504752376188 0.037179716948900335
-0.503751875938 0.03732593929186251
-0.502751375688 0.037605440232879386
-0.501750875438 0.037865929372153856
-0.500750375188 0.03787300376487025
-0.499749874937 0.03735382582433014
-0.498749374687 0.03714423788006081
-0.497748874437 0.03709632842881195
-0.496748374187 0.03705599840889098
-0.495747873937 0.03696415762541434
-0.494747373687 0.03680743315115895
-0.493746873437 0.03678160286531981
-0.492746373187 0.03675088135904244
-0.491745872936 0.03692599254997269
-0.490745372686 0.0370643249748969
-0.489744872436 0.03713057564593476
-0.488744372186 0.03715979444796848
-0.487743871936 0.03720039678403787
-0.486743371686 0.0372742312349448
-0.485742871436 0.037496014513361875
-0.484742371186 0.0371848289029845
-0.483741870935 0.03724788077847988
-0.482741370685 0.03722891558570366
-0.481740870435 0.037231821416183725
-0.480740370185 0.03722765415130635
-0.479739869935 0.03716948217412555
-0.478739369685 0.03716815635231396
-0.477738869435 0.037339726460805266
-0.476738369185 0.03744616937106875
-0.475737868934 0.03837007245511033
-0.474737368684 0.03770565116555716
-0.473736868434 0.03746269953130026
-0.472736368184 0.037550871197764235
-0.471735867934 0.037528640975749115
-0.470735367684 0.03760071481234749
-0.469734867434 0.03772834114088029
-0.468734367184 0.03794734425521532
-0.467733866933 0.038083282922319044
-0.466733366683 0.038178720922188686
-0.465732866433 0.03848446167653856
-0.464732366183 0.03859667652516166
-0.463731865933 0.038667235491789964
-0.462731365683 0.03944627455754338
-0.461730865433 0.04010315889347038
-0.460730365183 0.0401756718031451
-0.459729864932 0.0403702309429187
-0.458729364682 0.04043564458154754
-0.457728864432 0.04054303049450827
-0.456728364182 0.040713858926277414
-0.455727863932 0.041057908109310357
-0.454727363682 0.04122569392769951
-0.453726863432 0.04153954442222912
-0.452726363182 0.043587995190021406
-0.451725862931 0.04869100062995928
-0.450725362681 0.04913241107500108
-0.449724862431 0.050517458913519664
-0.448724362181 0.05009481307784453
-0.447723861931 0.05391302564749774
-0.446723361681 0.05517288194440735
-0.445722861431 0.0554721224779648
-0.444722361181 0.05635534193615905
-0.44372186093 0.05671603000461178
-0.44272136068 0.0582537877863241
-0.44172086043 0.05773886165147649
-0.44072036018 0.057129126072831354
-0.43971985993 0.057205370228895804
-0.43871935968 0.0577434039956786
-0.43771885943 0.05864204749400152
-0.43671835918 0.059188119699208404
-0.435717858929 0.06050476447750111
-0.434717358679 0.059991285393194184
-0.433716858429 0.059844231179893334
-0.432716358179 0.060046150993276814
-0.431715857929 0.060714942780384806
-0.430715357679 0.06243883820156126
-0.429714857429 0.0692016388440482
-0.428714357179 0.06299067856913892
-0.427713856928 0.06158990340655749
-0.426713356678 0.06081800229662696
-0.425712856428 0.061162233826964174
-0.424712356178 0.06104460048476298
-0.423711855928 0.06045838448861436
-0.422711355678 0.060615413103939725
-0.421710855428 0.059772611626991455
-0.420710355178 0.05848731527281167
-0.419709854927 0.056993772707455606
-0.418709354677 0.055492999892786124
-0.417708854427 0.053627913410516884
-0.416708354177 0.052311120845568944
-0.415707853927 0.05117331408648447
-0.414707353677 0.04952131998109156
-0.413706853427 0.04832551815514707
-0.412706353177 0.04749007266891046
-0.411705852926 0.046465581138945916
-0.410705352676 0.045795840514432244
-0.409704852426 0.04525827985706383
-0.408704352176 0.04460544839776377
-0.407703851926 0.043996435405197036
-0.406703351676 0.04359579330847023
-0.405702851426 0.04293002426798174
-0.404702351176 0.04251749310741114
-0.403701850925 0.042218487382303264
-0.402701350675 0.04149301026536098
-0.401700850425 0.041052056351942756
-0.400700350175 0.040756755850848585
-0.399699849925 0.040357493355585555
-0.398699349675 0.03994100199970268
-0.397698849425 0.03971137641500942
-0.396698349175 0.03932242004207242
-0.395697848924 0.03909317012656189
-0.394697348674 0.0385295693808753
-0.393696848424 0.03807369183171184
-0.392696348174 0.03784335815581038
-0.391695847924 0.03732637908806489
-0.390695347674 0.03685097170352371
-0.389694847424 0.03642647748363299
-0.388694347174 0.036079292526485854
-0.387693846923 0.035609691867647945
-0.386693346673 0.035374851569592934
-0.385692846423 0.03505133300881974
-0.384692346173 0.03465277713158272
-0.383691845923 0.0343561037272409
-0.382691345673 0.034046538762598076
-0.381690845423 0.03373292735328295
-0.380690345173 0.033488217459474647
-0.379689844922 0.03322456128443363
-0.378689344672 0.0329109623354764
-0.377688844422 0.0326548293721628
-0.376688344172 0.03238671829201388
-0.375687843922 0.03215685147444184
-0.374687343672 0.03194878099072894
-0.373686843422 0.03178389769271506
-0.372686343172 0.03159805480182305
-0.371685842921 0.031386731035720046
-0.370685342671 0.03118120167870978
-0.369684842421 0.030910672488835965
-0.368684342171 0.030706872063152056
-0.367683841921 0.030593952896408778
-0.366683341671 0.030496647122805066
-0.365682841421 0.03034871892578217
-0.364682341171 0.03023880835585368
-0.36368184092 0.030077483006872394
-0.36268134067 0.029900230836183463
-0.36168084042 0.029739811067834947
-0.36068034017 0.029659720989344284
-0.35967983992 0.029511245711525524
-0.35867933967 0.02938297393353531
-0.35767883942 0.02928215978249032
-0.35667833917 0.029084447245954395
-0.355677838919 0.02901918916691835
-0.354677338669 0.028853540131063747
-0.353676838419 0.02873006594398754
-0.352676338169 0.028623235710517746
-0.351675837919 0.028791736072399408
-0.350675337669 0.028658028887231936
-0.349674837419 0.028621652202422763
-0.348674337169 0.027756793461503993
-0.347673836918 0.027203259685805337
-0.346673336668 0.026845188235541544
-0.345672836418 0.026577872812685404
-0.344672336168 0.02622691089732098
-0.343671835918 0.026104356251018517
-0.342671335668 0.025900576902578406
-0.341670835418 0.025683068631394104
-0.340670335168 0.025581204915102934
-0.339669834917 0.025409034665734492
-0.338669334667 0.025283894140953823
-0.337668834417 0.025083784067652166
-0.336668334167 0.024918083037974936
-0.335667833917 0.024860872708786435
-0.334667333667 0.024749939198312428
-0.333666833417 0.024621922532240565
-0.332666333167 0.02453291244621834
-0.331665832916 0.024383837403259504
-0.330665332666 0.024314592241115148
-0.329664832416 0.024266552276117407
-0.328664332166 0.024381545188755776
-0.327663831916 0.024296951998585687
-0.326663331666 0.024253241545380434
-0.325662831416 0.024202658880732846
-0.324662331166 0.024118263670657697
-0.323661830915 0.024314482803359246
-0.322661330665 0.024784538064690827
-0.321660830415 0.024507373070263235
-0.320660330165 0.025017383869279895
-0.319659829915 0.024101360996528938
-0.318659329665 0.022733335127810457
-0.317658829415 0.022701988780820036
-0.316658329165 0.022370832987861456
-0.315657828914 0.022277788376054118
-0.314657328664 0.022207563009171302
-0.313656828414 0.02196336607742982
-0.312656328164 0.021812496469638384
-0.311655827914 0.021863134948052705
-0.310655327664 0.021770229644040524
-0.309654827414 0.021735106111223056
-0.308654327164 0.02164635630924704
-0.307653826913 0.021707276442464427
-0.306653326663 0.021721821295521027
-0.305652826413 0.021652556078324014
-0.304652326163 0.021510406044604486
-0.303651825913 0.021456829458279095
-0.302651325663 0.021244715249365113
-0.301650825413 0.021124932946831137
-0.300650325163 0.021115052569790595
-0.299649824912 0.02110458401128563
-0.298649324662 0.020980724707657033
-0.297648824412 0.020890156539624234
-0.296648324162 0.02287661627067244
-0.295647823912 0.020491777983499413
-0.294647323662 0.020113782918729783
-0.293646823412 0.019911716658621514
-0.292646323162 0.018899126329259542
-0.291645822911 0.018932233163934626
-0.290645322661 0.018797997441896138
-0.289644822411 0.018719257817662392
-0.288644322161 0.018647608583065987
-0.287643821911 0.018587862290031967
-0.286643321661 0.0185719606680985
-0.285642821411 0.018518524586643728
-0.284642321161 0.018445026579875255
-0.28364182091 0.01842080137619894
-0.28264132066 0.01841973772397903
-0.28164082041 0.018363110070662138
-0.28064032016 0.018401003885640248
-0.27963981991 0.018400887849192755
-0.27863931966 0.018348543951336328
-0.27763881941 0.01835449425870982
-0.27663831916 0.01841083573184517
-0.275637818909 0.018448820879891158
-0.274637318659 0.0184414074920241
-0.273636818409 0.018518247293540797
-0.272636318159 0.01862997557485946
-0.271635817909 0.01871676528825383
-0.270635317659 0.018905111925867288
-0.269634817409 0.019055895686060073
-0.268634317159 0.019332204133612616
-0.267633816908 0.019121223394312097
-0.266633316658 0.019046071789005418
-0.265632816408 0.01914820923819486
-0.264632316158 0.019308403257480712
-0.263631815908 0.01938700318367301
-0.262631315658 0.019484238750479162
-0.261630815408 0.019506355516141664
-0.260630315158 0.019626763867872488
-0.259629814907 0.0197352482410332
-0.258629314657 0.019940609580344427
-0.257628814407 0.02008549147270885
-0.256628314157 0.020281144278790422
-0.255627813907 0.020394307161284857
-0.254627313657 0.020604411736679772
-0.253626813407 0.02084056075996278
-0.252626313157 0.021231660572287463
-0.251625812906 0.02232284607265713
-0.250625312656 0.02312942132483869
-0.249624812406 0.02412766858745403
-0.248624312156 0.024725324865519024
-0.247623811906 0.02469187524263362
-0.246623311656 0.024994751989809313
-0.245622811406 0.025548675501511856
-0.244622311156 0.02566414353728881
-0.243621810905 0.026168855896123333
-0.242621310655 0.02591894808520237
-0.241620810405 0.025828756689762842
-0.240620310155 0.025670947424927516
-0.239619809905 0.025570689179952096
-0.238619309655 0.025756240580278266
-0.237618809405 0.025862014742271306
-0.236618309155 0.026012989890420044
-0.235617808904 0.026313438354495546
-0.234617308654 0.026837245116652402
-0.233616808404 0.02822073337321505
-0.232616308154 0.029810308084720634
-0.231615807904 0.03266868529617719
-0.230615307654 0.033768291918583715
-0.229614807404 0.03281009641959495
-0.228614307154 0.032349583984632224
-0.227613806903 0.03192446824069251
-0.226613306653 0.03196825751272991
-0.225612806403 0.04229724306669341
-0.224612306153 0.06968410254902772
-0.223611805903 0.0675462450363972
-0.222611305653 0.06120814729211742
-0.221610805403 0.06231518933210113
-0.220610305153 0.06377334354246142
-0.219609804902 0.06616515508496702
-0.218609304652 0.06760165821810875
-0.217608804402 0.06615000007271735
-0.216608304152 0.06514619906594239
-0.215607803902 0.06559818749232736
-0.214607303652 0.06552680920053766
-0.213606803402 0.06534393611949924
-0.212606303152 0.06567597598253598
-0.211605802901 0.06642339019259882
-0.210605302651 0.06700194357730918
-0.209604802401 0.06633628565912049
-0.208604302151 0.06697397285923849
-0.207603801901 0.06754031554459158
-0.206603301651 0.06808833713899155
-0.205602801401 0.06885898005408048
-0.204602301151 0.07016855497164112
-0.2036018009 0.07172623058087076
-0.20260130065 0.07348092471706913
-0.2016008004 0.07574218737967257
-0.20060030015 0.08015279617289336
-0.1995997999 0.08677304759476462
-0.19859929965 0.10729646851164994
-0.1975987994 0.08361385165696315
-0.19659829915 0.07822793883974975
-0.195597798899 0.07539310082093614
-0.194597298649 0.06842946511608636
-0.193596798399 0.0691505630235531
-0.192596298149 0.06834463481816683
-0.191595797899 0.06575564938164581
-0.190595297649 0.06244774206524693
-0.189594797399 0.061781055212573086
-0.188594297149 0.06098964456203421
-0.187593796898 0.06002174514819796
-0.186593296648 0.05916329430251747
-0.185592796398 0.05683888366576645
-0.184592296148 0.056110772930244836
-0.183591795898 0.05605761667848472
-0.182591295648 0.05559660004812109
-0.181590795398 0.05528917258399943
-0.180590295148 0.05514231314747739
-0.179589794897 0.054429732006791055
-0.178589294647 0.0530600904911345
-0.177588794397 0.05299698689257135
-0.176588294147 0.05176635359261919
-0.175587793897 0.05149239163013094
-0.174587293647 0.04994753373501075
-0.173586793397 0.04933998763329991
-0.172586293147 0.037508371342725416
-0.171585792896 0.036526404315851
-0.170585292646 0.036062930998958846
-0.169584792396 0.036008640438559385
-0.168584292146 0.03593875903056303
-0.167583791896 0.03553282475320875
-0.166583291646 0.03516182865704276
-0.165582791396 0.03468542223447623
-0.164582291146 0.03398239683775983
-0.163581790895 0.033226605419403706
-0.162581290645 0.0328436637318291
-0.161580790395 0.03272058280330699
-0.160580290145 0.032583071890635286
-0.159579789895 0.03247276022889015
-0.158579289645 0.032472717855070776
-0.157578789395 0.03242835186431085
-0.156578289145 0.0321943053571106
-0.155577788894 0.03181505266215748
-0.154577288644 0.032042623769632676
-0.153576788394 0.03191251290450286
-0.152576288144 0.031612702476828326
-0.151575787894 0.031217670520731027
-0.150575287644 0.030981944669060887
-0.149574787394 0.03063419199194256
-0.148574287144 0.030879625304504252
-0.147573786893 0.03105042148752951
-0.146573286643 0.0314215953882231
-0.145572786393 0.03191163445365182
-0.144572286143 0.03222692706719175
-0.143571785893 0.03157052382516718
-0.142571285643 0.031188114311785815
-0.141570785393 0.031413206106081504
-0.140570285143 0.03192181568132388
-0.139569784892 0.03250356122184485
-0.138569284642 0.03215548626106022
-0.137568784392 0.03238469978482941
-0.136568284142 0.03236590541106383
-0.135567783892 0.03229935016411152
-0.134567283642 0.03381470327055947
-0.133566783392 0.03449337985739405
-0.132566283142 0.03498110382591765
-0.131565782891 0.03508584491992298
-0.130565282641 0.037004873857995745
-0.129564782391 0.039542783144167426
-0.128564282141 0.041789057466547874
-0.127563781891 0.05755126894689967
-0.126563281641 0.008060253435156104
-0.125562781391 0.008021454223102645
-0.124562281141 0.008048796765124192
-0.12356178089 0.008038146395045988
-0.12256128064 0.007841602578737707
-0.12156078039 0.007673159239050522
-0.12056028014 0.007598210882936374
-0.11955977989 0.007599005241115308
-0.11855927964 0.0075749178561183355
-0.11755877939 0.007524672631763769
-0.11655827914 0.007502632962399107
-0.115557778889 0.007497984357935288
-0.114557278639 0.007484523710034529
-0.113556778389 0.007480343356834893
-0.112556278139 0.0074942326660613935
-0.111555777889 0.0074862866867384265
-0.110555277639 0.007520764109181782
-0.109554777389 0.007530410760012065
-0.108554277139 0.007526941346818508
-0.107553776888 0.007513850558638526
-0.106553276638 0.007501491605951356
-0.105552776388 0.007501896203971724
-0.104552276138 0.0075378609837052695
-0.103551775888 0.007687075241237941
-0.102551275638 0.007666232148518182
-0.101550775388 0.007576829757367896
-0.100550275138 0.00742978701256468
-0.0995497748874 0.007285609389038454
-0.0985492746373 0.007161414006121214
-0.0975487743872 0.007129377903739895
-0.0965482741371 0.007127302101234688
-0.0955477738869 0.007153103166497611
-0.0945472736368 0.0071913164377634484
-0.0935467733867 0.007176608871853313
-0.0925462731366 0.007129941194819943
-0.0915457728864 0.007122160881860156
-0.0905452726363 0.007170129216598392
-0.0895447723862 0.007176663456462314
-0.0885442721361 0.0071611541576637044
-0.0875437718859 0.0071615856138205845
-0.0865432716358 0.0071908250459595665
-0.0855427713857 0.007169693553453205
-0.0845422711356 0.0068135181835542406
-0.0835417708854 0.005818199171962275
-0.0825412706353 0.005844575853561748
-0.0815407703852 0.0058716982210306095
-0.0805402701351 0.005887711694793334
-0.0795397698849 0.00591388992667633
-0.0785392696348 0.005938398768156229
-0.0775387693847 0.005962148298141775
-0.0765382691346 0.0059877660628732295
-0.0755377688844 0.0060161385743278135
-0.0745372686343 0.0060367508452579795
-0.0735367683842 0.006048986979450166
-0.0725362681341 0.006070482385440105
-0.0715357678839 0.006096133777415297
-0.0705352676338 0.006127234398574349
-0.0695347673837 0.00615392864868254
-0.0685342671336 0.006188541577895538
-0.0675337668834 0.006219097616579878
-0.0665332666333 0.006246267798576691
-0.0655327663832 0.006269176066796497
-0.0645322661331 0.006288894121297677
-0.0635317658829 0.006328082559482641
-0.0625312656328 0.00636631153634289
-0.0615307653827 0.00640678481738664
-0.0605302651326 0.006448161026306014
-0.0595297648824 0.006491613474005693
-0.0585292646323 0.006533581216250878
-0.0575287643822 0.00657282097504046
-0.0565282641321 0.0066268526981367905
-0.0555277638819 0.0066973241522583025
-0.0545272636318 0.006751928649804281
-0.0535267633817 0.006806981569002223
-0.0525262631316 0.006874540883884728
-0.0515257628814 0.0069483166480512806
-0.0505252626313 0.007036878722694521
-0.0495247623812 0.007130629939857256
-0.0485242621311 0.0072633132717735
-0.0475237618809 0.007488876529114551
-0.0465232616308 0.00808962517551259
-0.0455227613807 0.0076037145773602405
-0.0445222611306 0.007582268661535899
-0.0435217608804 0.007774805990560818
-0.0425212606303 0.00782387627366502
-0.0415207603802 0.00781219486152912
-0.0405202601301 0.007994680846768182
-0.0395197598799 0.008187653000807489
-0.0385192596298 0.008143694609994215
-0.0375187593797 0.007971494962990345
-0.0365182591296 0.007874673704221074
-0.0355177588794 0.008092145504603781
-0.0345172586293 0.008367836577052841
-0.0335167583792 0.007982864069836398
-0.0325162581291 0.007918064646692534
-0.0315157578789 0.008523913406890198
-0.0305152576288 0.007844409289718425
-0.0295147573787 0.009181442693849916
-0.0285142571286 0.0009986595421526746
-0.0275137568784 0.0009984997600605769
-0.0265132566283 0.0009998172906312145
-0.0255127563782 0.0010024257494242528
-0.0245122561281 0.001000762287756378
-0.0235117558779 0.0010021493770340938
-0.0225112556278 0.0010045611838521023
-0.0215107553777 0.0010082204305405448
-0.0205102551276 0.001013181094844217
-0.0195097548774 0.001020367516654588
-0.0185092546273 0.0010244795810481892
-0.0175087543772 0.001031574754131517
-0.0165082541271 0.0010442922775417143
-0.0155077538769 0.0010827643737321272
-0.0145072536268 0.0010742754013504173
-0.0135067533767 0.0011085280563615917
-0.0125062531266 0.001196961620570479
-0.0115057528764 0.0012359070898902702
-0.0105052526263 0.0011662491244110109
-0.00950475237619 0.0010685726498779764
-0.00850425212606 0.0009834270637038118
-0.00750375187594 0.0009673682978034374
-0.00650325162581 0.0009532785829104752
-0.00550275137569 0.0009152323399497422
-0.00450225112556 0.0008820101724357353
-0.00350175087544 0.0008498551678740972
-0.00250125062531 0.0008542094670691178
-0.00150075037519 0.0008248288921391213
-0.000500250125063 0.0007765533673816961
0.000500250125063 0.0015258482971417429
0.00150075037519 0.0027954748114490877
0.00250125062531 0.003959929159005304
0.00350175087544 0.005567088084920804
0.00450225112556 0.0032519435914428615
0.00550275137569 0.00346844363221636
0.00650325162581 0.0036849436729898587
0.00750375187594 0.0039014437137633567
0.00850425212606 0.0042126469058837955
0.00950475237619 0.004556360233182162
0.0105052526263 0.004974850414787509
0.0115057528764 0.004394913563796988
0.0125062531266 0.004246123627154566
0.0135067533767 0.004142636653838354
0.0145072536268 0.004362939922057852
0.0155077538769 0.004583243190277321
0.0165082541271 0.004803546458496779
0.0175087543772 0.00502384972671624
0.0185092546273 0.0052602342571583804
0.0195097548774 0.00551970633412383
0.0205102551276 0.0052673681341046715
0.0215107553777 0.005515115837046047
0.0225112556278 0.00543285581474126
0.0235117558779 0.005350595792436482
0.0245122561281 0.005333547665845666
0.0255127563782 0.005346831512705012
0.0265132566283 0.005607174171040576
0.0275137568784 0.005867516829376135
0.0285142571286 0.006127859487711709
0.0295147573787 0.006388202146047281
0.0305152576288 0.006648567629241429
0.0315157578789 0.0069128074601649955
0.0325162581291 0.006474053619370354
0.0335167583792 0.006748921519412977
0.0345172586293 0.006753398063327813
0.0355177588794 0.00676871034778409
0.0365182591296 0.006784022632240358
0.0375187593797 0.0067993349166966316
0.0385192596298 0.006981028678803119
0.0395197598799 0.0072799019824092235
0.0405202601301 0.007598539412335858
0.0415207603802 0.007917598832979302
0.0425212606303 0.008236658253622759
0.0435217608804 0.008504216104828691
0.0445222611306 0.00801800553555596
0.0455227613807 0.00833680120985612
0.0465232616308 0.0083605672770098
0.0475237618809 0.008384524031579844
0.0485242621311 0.008410786426284601
0.0495247623812 0.008439757689869008
0.0505252626313 0.008627991096773107
0.0515257628814 0.008977564124393855
0.0525262631316 0.009328916570376265
0.0535267633817 0.009680269016358671
0.0545272636318 0.010031621462341087
0.0555277638819 0.009965883386887177
0.0565282641321 0.009526376525418344
0.0575287643822 0.009869725717515073
0.0585292646323 0.009920855892715887
0.0595297648824 0.009973798780573237
0.0605302651326 0.01005613104634049
0.0615307653827 0.010151368292475007
0.0625312656328 0.010285871741215404
0.0635317658829 0.010600003967032095
0.0645322661331 0.010914136192848763
0.0655327663832 0.011248914347869352
0.0665332666333 0.011429523182338613
0.0675337668834 0.01113634927242754
0.0685342671336 0.011040215146187877
0.0695347673837 0.010948731416255577
0.0705352676338 0.011238418329752429
0.0715357678839 0.01132181833168349
0.0725362681341 0.011441003117922672
0.0735367683842 0.011560536023108092
0.0745372686343 0.011679850399965077
0.0755377688844 0.011828826249220886
0.0765382691346 0.011918600222609476
0.0775387693847 0.012153388650307757
0.0785392696348 0.012308290632498877
0.0795397698849 0.012273765382897208
0.0805402701351 0.012206461798674738
0.0815407703852 0.012208724436912937
0.0825412706353 0.01225291195467408
0.0835417708854 0.012297090825400507
0.0845422711356 0.012346399110020443
0.0855427713857 0.012396886113232171
0.0865432716358 0.0125445899053684
0.0875437718859 0.012640428410146558
0.0885442721361 0.012748779127716558
0.0895447723862 0.012857841292700112
0.0905452726363 0.012964465998719425
0.0915457728864 0.013053060838514608
0.0925462731366 0.013045956314878334
0.0935467733867 0.01300814084191756
0.0945472736368 0.01300229724855818
0.0955477738869 0.013050505559716711
0.0965482741371 0.013106336887719144
0.0975487743872 0.013164773711962932
0.0985492746373 0.013225016514814704
0.0995497748874 0.013285166515290586
0.100550275138 0.013348366794998692
0.101550775388 0.013407642169457803
0.102551275638 0.0134687956114741
0.103551775888 0.013530817826024987
0.104552276138 0.013595146498480162
0.105552776388 0.013661302852173055
0.106553276638 0.01546546484843672
0.107553776888 0.015546433003221007
0.108554277139 0.015732015721265345
0.109554777389 0.01558322868536785
0.110555277639 0.015481351695321083
0.111555777889 0.015503961868671118
0.112556278139 0.015526008294977555
0.113556778389 0.015603284455710678
0.114557278639 0.015610643715762653
0.115557778889 0.015603749072085223
0.11655827914 0.015673397022626545
0.11755877939 0.015646818411955112
0.11855927964 0.015676123433554574
0.11955977989 0.0157009234169049
0.12056028014 0.015741015639141133
0.12156078039 0.015803815427525236
0.12256128064 0.01583545674240497
0.12356178089 0.015846690869818974
0.124562281141 0.01670764607287006
0.125562781391 0.016920299988947087
0.126563281641 0.016840379338756623
0.127563781891 0.016800801227120906
0.128564282141 0.016797534026388488
0.129564782391 0.016782804131638365
0.130565282641 0.016807496140707822
0.131565782891 0.01675497470550305
0.132566283142 0.016760621399976545
0.133566783392 0.01673530589602087
0.134567283642 0.01676263509998075
0.135567783892 0.016814718040513165
0.136568284142 0.016838632993667307
0.137568784392 0.019023525332474273
0.138569284642 0.02858926958786046
0.139569784892 0.028432152163107946
0.140570285143 0.027356096154431447
0.141570785393 0.027906110311300032
0.142571285643 0.02878075302069636
0.143571785893 0.029005754469896852
0.144572286143 0.02835318241972746
0.145572786393 0.028004306789565576
0.146573286643 0.02793920980956038
0.147573786893 0.028111574683630562
0.148574287144 0.028353597997513368
0.149574787394 0.02865362456256475
0.150575287644 0.028862934829374437
0.151575787894 0.028877535510942937
0.152576288144 0.02913177375739469
0.153576788394 0.028994482357801568
0.154577288644 0.028847939123052065
0.155577788894 0.0298472974896991
0.156578289145 0.030347549640655738
0.157578789395 0.030280840741493516
0.158579289645 0.030360472727670527
0.159579789895 0.030611904626619984
0.160580290145 0.030632778681458885
0.161580790395 0.030533319997083475
0.162581290645 0.03041176698641002
0.163581790895 0.030214062897711114
0.164582291146 0.030037641485934595
0.165582791396 0.03010479491406535
0.166583291646 0.03012333644743117
0.167583791896 0.030167195964571115
0.168584292146 0.030277066466505007
0.169584792396 0.03042051026512585
0.170585292646 0.030219489535729543
0.171585792896 0.030167363042429562
0.172586293147 0.03039454767331333
0.173586793397 0.030402858663924632
0.174587293647 0.030745391001179817
0.175587793897 0.031159853184989424
0.176588294147 0.030735852925449024
0.177588794397 0.030377084423941304
0.178589294647 0.03015868299786116
0.179589794897 0.030005019476938753
0.180590295148 0.029803331341920647
0.181590795398 0.029659896118489952
0.182591295648 0.02951920229917377
0.183591795898 0.02942197117058697
0.184592296148 0.029341257881386546
0.185592796398 0.029268620863302737
0.186593296648 0.0291998213365155
0.187593796898 0.029127782195197193
0.188594297149 0.029098029541147947
0.189594797399 0.029073754327166412
0.190595297649 0.02901566214383753
0.191595797899 0.028985319193838698
0.192596298149 0.02895857302769825
0.193596798399 0.028918504945110887
0.194597298649 0.029737914234089127
0.195597798899 0.06360506278116328
0.19659829915 0.07022812533361644
0.1975987994 0.06113620110551547
0.19859929965 0.054853012731038576
0.1995997999 0.054719015229499374
0.20060030015 0.05530040443006592
0.2016008004 0.055299228002249484
0.20260130065 0.052932722947111675
0.2036018009 0.052311827475838076
0.204602301151 0.0522178049201418
0.205602801401 0.05225718190158119
0.206603301651 0.05233503565708971
0.207603801901 0.05252187167588662
0.208604302151 0.05258551594094083
0.209604802401 0.05190535192058532
0.210605302651 0.05136574350071946
0.211605802901 0.05117893196153958
0.212606303152 0.05107254892961874
0.213606803402 0.0510081608926406
0.214607303652 0.05099484883932531
0.215607803902 0.05100137932992772
0.216608304152 0.05115530460412105
0.217608804402 0.051355368857554214
0.218609304652 0.051371948617637844
0.219609804902 0.051218222056275124
0.220610305153 0.05089769264812448
0.221610805403 0.050872856083977375
0.222611305653 0.05074154251849281
0.223611805903 0.05060312562941561
0.224612306153 0.05050478940241547
0.225612806403 0.05046347657649227
0.226613306653 0.05051433598567926
0.227613806903 0.05052351686874551
0.228614307154 0.05060652757256195
0.229614807404 0.05067679653135773
0.230615307654 0.05073837835287458
0.231615807904 0.05060703410871583
0.232616308154 0.05026175500793814
0.233616808404 0.049872868323543436
0.234617308654 0.04953530583933941
0.235617808904 0.049439487677433516
0.236618309155 0.04938502556570761
0.237618809405 0.04913778877594854
0.238619309655 0.049044299299703165
0.239619809905 0.04901782298689357
0.240620310155 0.04904295658549124
0.241620810405 0.04902376843053512
0.242621310655 0.04902837379032027
0.243621810905 0.049029304504725764
0.244622311156 0.04898461233471962
0.245622811406 0.049049271126327114
0.246623311656 0.049082718978299765
0.247623811906 0.049060720348471504
0.248624312156 0.049081800467548495
0.249624812406 0.04885453167307366
0.250625312656 0.048746206176091295
0.251625812906 0.048426259095469625
0.252626313157 0.048263777544986626
0.253626813407 0.04810525672006129
0.254627313657 0.04796530688026697
0.255627813907 0.047837649175186236
0.256628314157 0.04783355370984556
0.257628814407 0.04780106257377506
0.258629314657 0.04777428810319729
0.259629814907 0.047758070704937206
0.260630315158 0.047703375102949946
0.261630815408 0.047676497737964216
0.262631315658 0.04767618164098739
0.263631815908 0.04773253139526715
0.264632316158 0.04775716486094435
0.265632816408 0.04789338718425262
0.266633316658 0.04801078928363626
0.267633816908 0.048098643623971524
0.268634317159 0.048280884011865276
0.269634817409 0.04842585984383916
0.270635317659 0.04838408812382324
0.271635817909 0.048522985762421394
0.272636318159 0.0488370441046433
0.273636818409 0.0491176895316586
0.274637318659 0.04984392267789248
0.275637818909 0.04924644636846631
0.27663831916 0.04940889132496215
0.27763881941 0.0492807958516426
0.27863931966 0.04937607026497508
0.27963981991 0.049494267626501956
0.28064032016 0.04989719636767266
0.28164082041 0.05003114475965751
0.28264132066 0.050090119743017254
0.28364182091 0.050101263983932484
0.284642321161 0.050081844388892745
0.285642821411 0.050107874313517785
0.286643321661 0.05022799307892413
0.287643821911 0.05030208275626739
0.288644322161 0.05050798994266876
0.289644822411 0.05072329965429793
0.290645322661 0.05089636857290884
0.291645822911 0.051006004465682334
0.292646323162 0.05125230135296443
0.293646823412 0.05204325733002263
0.294647323662 0.05282057360584623
0.295647823912 0.05361113453242924
0.296648324162 0.05440786611337921
0.297648824412 0.054861769862970484
0.298649324662 0.05449217437040405
0.299649824912 0.05459834825500463
0.300650325163 0.054479266217790215
0.301650825413 0.05496122714296985
0.302651325663 0.05590075435091641
0.303651825913 0.0587272581629901
0.304652326163 0.05623905737501428
0.305652826413 0.05646649026635265
0.306653326663 0.05670780554260984
0.307653826913 0.05707652536023046
0.308654327164 0.057450962905845636
0.309654827414 0.057756372084482074
0.310655327664 0.058067203731866274
0.311655827914 0.05844695110525203
0.312656328164 0.059187884422169434
0.313656828414 0.05895938122493908
0.314657328664 0.05932002140626981
0.315657828914 0.059744666345794215
0.316658329165 0.06021598329670331
0.317658829415 0.06067594987178297
0.318659329665 0.06088187205902648
0.319659829915 0.06205087156426133
0.320660330165 0.0627915607647772
0.321660830415 0.06241385988343369
0.322661330665 0.0621687590398836
0.323661830915 0.06209511046638669
0.324662331166 0.06394397738097568
0.325662831416 0.06608365312738107
0.326663331666 0.06536941029311744
0.327663831916 0.06619934466770504
0.328664332166 0.06870492206298628
0.329664832416 0.06899427521738587
0.330665332666 0.0670246423411339
0.331665832916 0.0657115430928213
0.332666333167 0.06532543918673389
0.333666833417 0.0649351400018429
0.334667333667 0.06467487401386254
0.335667833917 0.06441927365908111
0.336668334167 0.06429210304473826
0.337668834417 0.06421306423759937
0.338669334667 0.06436591611559174
0.339669834917 0.0644539795696687
0.340670335168 0.06452496487547413
0.341670835418 0.06501579715409538
0.342671335668 0.06466993060621455
0.343671835918 0.06449478282741708
0.344672336168 0.06439353902577047
0.345672836418 0.06429117165681868
0.346673336668 0.06420184408606147
0.347673836918 0.06438799015794854
0.348674337169 0.06487389541505445
0.349674837419 0.06538314607102663
0.350675337669 0.06619699549609519
0.351675837919 0.06676467645449952
0.352676338169 0.06580587643525558
0.353676838419 0.06598847378123063
0.354677338669 0.06645172083638705
0.355677838919 0.06721208501202038
0.35667833917 0.06864410399478406
0.35767883942 0.06789213146447215
0.35867933967 0.06809637461946706
0.35967983992 0.0683559000864031
0.36068034017 0.0687896844540607
0.36168084042 0.06870529924558229
0.36268134067 0.06873848622584532
0.36368184092 0.06899069882451322
0.364682341171 0.06914730276760009
0.365682841421 0.06937316400338057
0.366683341671 0.06926977090414793
0.367683841921 0.06948125742006644
0.368684342171 0.06947500095720925
0.369684842421 0.06970325750453495
0.370685342671 0.0699800925698369
0.371685842921 0.070263968592548
0.372686343172 0.07035693842986342
0.373686843422 0.07061748138460372
0.374687343672 0.07070364718048064
0.375687843922 0.070725893097613
0.376688344172 0.07076052851807943
0.377688844422 0.07080135967002146
0.378689344672 0.07085375970095427
0.379689844922 0.07103304023652625
0.380690345173 0.07193811563061778
0.381690845423 0.07286487204334753
0.382691345673 0.07377422335692936
0.383691845923 0.07476255297811828
0.384692346173 0.07559356122079564
0.385692846423 0.0764537344723305
0.386693346673 0.07760533237452508
0.387693846923 0.07886446743352879
0.388694347174 0.08359604346117532
0.389694847424 0.08094629793416754
0.390695347674 0.08080067509485606
0.391695847924 0.08189672518520502
0.392696348174 0.0828263663991239
0.393696848424 0.0825148754170003
0.394697348674 0.08297030791518926
0.395697848924 0.08343004532366342
0.396698349175 0.08418342579893538
0.397698849425 0.08420997232043534
0.398699349675 0.08365871543361154
0.399699849925 0.08323354289682225
0.400700350175 0.08320967762910553
0.401700850425 0.08330202545658069
0.402701350675 0.08342144231449274
0.403701850925 0.08367734662343444
0.404702351176 0.08383352673141725
0.405702851426 0.08358341636776816
0.406703351676 0.08395323615837766
0.407703851926 0.08449442897679038
0.408704352176 0.08415497734608782
0.409704852426 0.08420168650112946
0.410705352676 0.08432423199364353
0.411705852926 0.08447892237693493
0.412706353177 0.08473624828793486
0.413706853427 0.08464779349976596
0.414707353677 0.08482748092104514
0.415707853927 0.08519537733980334
0.416708354177 0.08538488191811838
0.417708854427 0.08562408181673066
0.418709354677 0.0856458815272892
0.419709854927 0.08580191624236208
0.420710355178 0.08604917006150554
0.421710855428 0.08730019177266933
0.422711355678 0.08746122948692985
0.423711855928 0.08762219472070465
0.424712356178 0.08843049050526373
0.425712856428 0.08923397656035159
0.426713356678 0.08846150100687365
0.427713856928 0.0884942718133534
0.428714357179 0.08848727637143607
0.429714857429 0.08859368771576362
0.430715357679 0.088657881606867
0.431715857929 0.08879745671212279
0.432716358179 0.08904985616591099
0.433716858429 0.08936222603105053
0.434717358679 0.08972479494328608
0.435717858929 0.0901123975848955
0.43671835918 0.09049538237230076
0.43771885943 0.0907057393915877
0.43871935968 0.09097107298793199
0.43971985993 0.09159254785988712
0.44072036018 0.09185282797322565
0.44172086043 0.09284945438347053
0.44272136068 0.09483028774376809
0.44372186093 0.09659339973167157
0.444722361181 0.09857829983161111
0.445722861431 0.10194835142504748
0.446723361681 0.10497211743459182
0.447723861931 0.10143139792511215
0.448724362181 0.10104365259213534
0.449724862431 0.10144220904827801
0.450725362681 0.10196666002483634
0.451725862931 0.10261369341280127
0.452726363182 0.1032233506769149
0.453726863432 0.1040956473413695
0.454727363682 0.10615293783035765
0.455727863932 0.1058469903376994
0.456728364182 0.10567267655236423
0.457728864432 0.1070048173078632
0.458729364682 0.10811696966672954
0.459729864932 0.1092863788554218
0.460730365183 0.11481782559901918
0.461730865433 0.11413518992845281
0.462731365683 0.11052232296099769
0.463731865933 0.10990675402594158
0.464732366183 0.10946465642391047
0.465732866433 0.10930541408842039
0.466733366683 0.10913078885319007
0.467733866933 0.1089346147151913
0.468734367184 0.10908224761718144
0.469734867434 0.10908947907855675
0.470735367684 0.10921713429426487
0.471735867934 0.10930722921312491
0.472736368184 0.10948640975868067
0.473736868434 0.10980282289757134
0.474737368684 0.10997291841250635
0.475737868934 0.11016056559547457
0.476738369185 0.11035865526675456
0.477738869435 0.11059459731054334
0.478739369685 0.11088660983447121
0.479739869935 0.11140030703059456
0.480740370185 0.11190879267848959
0.481740870435 0.11237005554762194
0.482741370685 0.11276886038622294
0.483741870935 0.11302627731268795
0.484742371186 0.11309138905087479
0.485742871436 0.11319471822470734
0.486743371686 0.11347218798846448
0.487743871936 0.11382415535711413
0.488744372186 0.11423935084239635
0.489744872436 0.11470528022151394
0.490745372686 0.11532849031638127
0.491745872936 0.11599942926336722
0.492746373187 0.11837255043168018
0.493746873437 0.11993608635189759
0.494747373687 0.12103273393628625
0.495747873937 0.12208008575755536
0.496748374187 0.12374442324981906
0.497748874437 0.12468476801657584
0.498749374687 0.12537828832985992
0.499749874937 0.1262890831582351
0.500750375188 0.12745470101328527
0.501750875438 0.12862481592036554
0.502751375688 0.12928335290626852
0.503751875938 0.13018661306942056
0.504752376188 0.13093362670215675
0.505752876438 0.13167633572497106
0.506753376688 0.13290013443771642
0.507753876938 0.1334513276578005
0.508754377189 0.1338844182781969
0.509754877439 0.1346811184606082
0.510755377689 0.13489442229353735
0.511755877939 0.13562296271616797
0.512756378189 0.13599590901218098
0.513756878439 0.13649705058257033
0.514757378689 0.1370961263775716
0.515757878939 0.13763896644298104
0.51675837919 0.13801803108303334
0.51775887944 0.13860251189608375
0.51875937969 0.1396917340507411
0.51975987994 0.14081236914458334
0.52076038019 0.14270867726039285
0.52176088044 0.14563062241600616
0.52276138069 0.14500065611404192
0.52376188094 0.14490050198408114
0.524762381191 0.1446629684621637
0.525762881441 0.1443280506540841
0.526763381691 0.14471846663924762
0.527763881941 0.14519922078586026
0.528764382191 0.14645119697406395
0.529764882441 0.14700224778811707
0.530765382691 0.14760382517866272
0.531765882941 0.14798115493884018
0.532766383192 0.14806152724007648
0.533766883442 0.14897248809877506
0.534767383692 0.14894560419131003
0.535767883942 0.14966225393990235
0.536768384192 0.15070966410577535
0.537768884442 0.15195730094417917
0.538769384692 0.15463640642848053
0.539769884942 0.1547621629856221
0.540770385193 0.15580432660199667
0.541770885443 0.15628777596765672
0.542771385693 0.16074450696890935
0.543771885943 0.1595431737676786
0.544772386193 0.15738648696334914
0.545772886443 0.15748145936727956
0.546773386693 0.15744858693289737
0.547773886943 0.15756103146141384
0.548774387194 0.1590149012029089
0.549774887444 0.15865767454508906
0.550775387694 0.15821467994046315
0.551775887944 0.15846022669715476
0.552776388194 0.15955063606981684
0.553776888444 0.1609521007056153
0.554777388694 0.1625182963398778
0.555777888944 0.1664838393055411
0.556778389195 0.1644841095439501
0.557778889445 0.1664466578641431
0.558779389695 0.16733168811864624
0.559779889945 0.17398128007964633
0.560780390195 0.17047814660921873
0.561780890445 0.17023061350700827
0.562781390695 0.17056718030543513
0.563781890945 0.17142296212746672
0.564782391196 0.17283818893180913
0.565782891446 0.1767233381738605
0.566783391696 0.180012399330053
0.567783891946 0.18517721107226362
0.568784392196 0.1860618489133926
0.569784892446 0.1860003053139948
0.570785392696 0.185959307992629
0.571785892946 0.18483786939167177
0.572786393197 0.18248644647079854
0.573786893447 0.1824474583253835
0.574787393697 0.1828408948470093
0.575787893947 0.18367595717773577
0.576788394197 0.18514542123094305
0.577788894447 0.18652082389578378
0.578789394697 0.18819953438413964
0.579789894947 0.1880725676300614
0.580790395198 0.1886130974221608
0.581790895448 0.19153062227776507
0.582791395698 0.19069559068323105
0.583791895948 0.1928275173690232
0.584792396198 0.1952382328980216
0.585792896448 0.19658091208406714
0.586793396698 0.20107117694734472
0.587793896948 0.2054588557071675
0.588794397199 0.20503384086780893
0.589794897449 0.2079520017295471
0.590795397699 0.21644392185087702
0.591795897949 0.21154832629074707
0.592796398199 0.2128233183726976
0.593796898449 0.21595297843784064
0.594797398699 0.21615169822815444
0.595797898949 0.2174463950468296
0.5967983992 0.21984294302419918
0.59779889945 0.22090080734395096
0.5987993997 0.2237005134589219
0.59979989995 0.22908163044085728
0.6008004002 0.22531130646032937
0.60180090045 0.24450173300738853
0.6028014007 0.26435845054782453
0.60380190095 0.28252642066226685
0.604802401201 0.2999568106374483
0.605802901451 0.3056561757788686
0.606803401701 0.32198984987126034
0.607803901951 0.3156387637734754
0.608804402201 0.3040512178020584
0.609804902451 0.29244380028761957
0.610805402701 0.29017505552641276
0.611805902951 0.2877477684897465
0.612806403202 0.2855225707721846
0.613806903452 0.28704693856472047
0.614807403702 0.2878897968791782
0.615807903952 0.2885362653021459
0.616808404202 0.289316486899267
0.617808904452 0.2889649579024257
0.618809404702 0.2885671167102966
0.619809904952 0.2909414989557704
0.620810405203 0.29688537763922207
0.621810905453 0.29489779236837016
0.622811405703 0.2920853096916803
0.623811905953 0.2883976805663816
0.624812406203 0.28704766202881304
0.625812906453 0.28478114489443696
0.626813406703 0.28405671965213464
0.627813906953 0.2852519651111645
0.628814407204 0.28538835996013695
0.629814907454 0.2859580880675509
0.630815407704 0.2872510178733267
0.631815907954 0.2958202689914229
0.632816408204 0.29016396152351526
0.633816908454 0.29063166625853226
0.634817408704 0.28777292497274143
0.635817908954 0.2877473724175894
0.636818409205 0.28805957329120035
0.637818909455 0.28804558300312083
0.638819409705 0.2877067561598939
0.639819909955 0.28754824302959686
0.640820410205 0.28843904560320494
0.641820910455 0.2892443767677693
0.642821410705 0.28999036273171813
0.643821910955 0.2908723766187643
0.644822411206 0.29185951791593095
0.645822911456 0.292892575989346
0.646823411706 0.29380351538512134
0.647823911956 0.29816650833456304
0.648824412206 0.3124357121868292
0.649824912456 0.3205788099896353
0.650825412706 0.3278087512426357
0.651825912956 0.3352546909123801
0.652826413207 0.3414404826788517
0.653826913457 0.3440016478033197
0.654827413707 0.3403866965634923
0.655827913957 0.3408699764670867
0.656828414207 0.3409418655195762
0.657828914457 0.3420807617286229
0.658829414707 0.3439230347815973
0.659829914957 0.3473157597139852
0.660830415208 0.3505826259763589
0.661830915458 0.3537809592000211
0.662831415708 0.36056478756264987
0.663831915958 0.36308362746038897
0.664832416208 0.3606095482177931
0.665832916458 0.36223794902187784
0.666833416708 0.3639322875527904
0.667833916958 0.3666409705245202
0.668834417209 0.3693245094928496
0.669834917459 0.3700040438389686
0.670835417709 0.3696208865873
0.671835917959 0.37273997713750345
0.672836418209 0.37784409342701786
0.673836918459 0.38332958169593145
0.674837418709 0.38451664703876226
0.675837918959 0.3845740193050649
0.67683841921 0.39091404436912935
0.67783891946 0.3992192615191861
0.67883941971 0.40814407830189553
0.67983991996 0.42301910306857243
0.68084042021 0.4269353332574769
0.68184092046 0.44517223320760974
0.68284142071 0.46104722891341543
0.68384192096 0.47851549380894953
0.684842421211 0.4963278025413841
0.685842921461 0.542335344742738
0.686843421711 0.5461994453776481
0.687843921961 0.524715471962952
0.688844422211 0.49698579709588847
0.689844922461 0.47929634085422934
0.690845422711 0.4722062149215203
0.691845922961 0.46886635067013316
0.692846423212 0.48198184066606586
0.693846923462 0.4808183473261885
0.694847423712 0.48191638330370956
0.695847923962 0.47992476288215297
0.696848424212 0.4762085126711372
0.697848924462 0.4755603766444932
0.698849424712 0.4740202140214737
0.699849924962 0.5470393203005498
0.700850425213 0.5197211046425615
0.701850925463 0.5054984379595662
0.702851425713 0.5054538197520584
0.703851925963 0.502498096149791
0.704852426213 0.4958789593605648
0.705852926463 0.4919978566187707
0.706853426713 0.493675390378233
0.707853926963 0.49877525265804445
0.708854427214 0.5130760258760915
0.709854927464 0.5121316056178211
0.710855427714 0.5090181899415172
0.711855927964 0.5127812755500074
0.712856428214 0.5173257286657705
0.713856928464 0.5295376960450685
0.714857428714 0.5232735577146753
0.715857928964 0.5293106013633426
0.716858429215 0.5204636729671401
0.717858929465 0.5203387920690605
0.718859429715 0.5198726819639031
0.719859929965 0.5188689583568746
0.720860430215 0.5155468219662552
0.721860930465 0.5152721055424144
0.722861430715 0.5155341063118001
0.723861930965 0.5155405713409721
0.724862431216 0.5156309333103376
0.725862931466 0.5175072678290472
0.726863431716 0.5194352009751556
0.727863931966 0.5208182172876383
0.728864432216 0.52297670309817
0.729864932466 0.5244534660239111
0.730865432716 0.5274352466400754
0.731865932966 0.5297604065706694
0.732866433217 0.5344787142109253
0.733866933467 0.536107613351251
0.734867433717 0.5439324304136197
0.735867933967 0.542818252957214
0.736868434217 0.5458352263087141
0.737868934467 0.5504117131449213
0.738869434717 0.5508738852863246
0.739869934967 0.5534380016273988
0.740870435218 0.5580601201264477
0.741870935468 0.5596138340891482
0.742871435718 0.5616757923275053
0.743871935968 0.5717279626638206
0.744872436218 0.580534766502283
0.745872936468 0.5745713524032594
0.746873436718 0.6033752793579149
0.747873936968 0.62146241609459
0.748874437219 0.6287769855182669
0.749874937469 0.6274925245156093
0.750875437719 0.6348025414920611
0.751875937969 0.6412945086230166
0.752876438219 0.6483607718654133
0.753876938469 0.6691846798148398
0.754877438719 0.6731931906043073
0.755877938969 0.661632151002472
0.75687843922 0.6537475813235331
0.75787893947 0.6529827918947306
0.75887943972 0.6538882620513632
0.75987993997 0.6555740703061774
0.76088044022 0.6596726104996157
0.76188094047 0.6661816230800441
0.76288144072 0.6788117288234425
0.76388194097 0.7120414808987356
0.764882441221 0.6979372644184665
0.765882941471 0.6800690503045491
0.766883441721 0.6764690539194105
0.767883941971 0.6805056775229728
0.768884442221 0.7003645056156719
0.769884942471 0.6863992060381617
0.770885442721 0.7739641263191647
0.771885942971 0.7510223783015907
0.772886443222 0.7723962807301754
0.773886943472 0.8207689713992232
0.774887443722 0.7317744094908364
0.775887943972 0.7232878731070287
0.776888444222 0.7203711003821309
0.777888944472 0.6765359747344377
0.778889444722 0.6611698457238047
0.779889944972 0.6579529701288979
0.780890445223 0.6464955142353832
0.781890945473 0.6460959046809583
0.782891445723 0.6373247477962433
0.783891945973 0.6338290310663395
0.784892446223 0.6339481389525669
0.785892946473 0.6208266070156848
0.786893446723 0.6106904115188521
0.787893946973 0.6081415416566461
0.788894447224 0.6059177719027345
0.789894947474 0.6036103322334807
0.790895447724 0.6022330319241294
0.791895947974 0.6025771719505995
0.792896448224 0.6030711588241257
0.793896948474 0.60297001063574
0.794897448724 0.6025949664175486
0.795897948974 0.6049328707744402
0.796898449225 0.6057463355375897
0.797898949475 0.6068862633531874
0.798899449725 0.6083489782278813
0.799899949975 0.6076795749877032
0.800900450225 0.6086323404262423
0.801900950475 0.6089810959450275
0.802901450725 0.610775190216926
0.803901950975 0.6142396919224989
0.804902451226 0.6180636093188578
0.805902951476 0.6205576203097675
0.806903451726 0.6225865206566215
0.807903951976 0.6237768805809383
0.808904452226 0.6304301614133796
0.809904952476 0.6377638659462623
0.810905452726 0.7641104642396416
0.811905952976 0.7439861480899279
0.812906453227 0.7393368649120525
0.813906953477 0.7191761076701528
0.814907453727 0.7143604244547287
0.815907953977 0.7079328984020226
0.816908454227 0.707161253336049
0.817908954477 0.6949804207599928
0.818909454727 0.695487324817439
0.819909954977 0.7042014616984331
0.820910455228 0.7092506361478593
0.821910955478 0.7034491101857618
0.822911455728 0.7137682330446748
0.823911955978 0.719068809058983
0.824912456228 0.7819958464412036
0.825912956478 0.7101504309678565
0.826913456728 0.6995416133032779
0.827913956978 0.6920448203925031
0.828914457229 0.6874535633489406
0.829914957479 0.6829473731629565
0.830915457729 0.6842018658045933
0.831915957979 0.66753552965347
0.832916458229 0.6575751408479116
0.833916958479 0.6540908204187742
0.834917458729 0.6478338496353149
0.835917958979 0.6490237632628909
0.83691845923 0.6677540993071532
0.83791895948 0.611520292533213
0.83891945973 0.5836772356523038
0.83991995998 0.574054690038589
0.84092046023 0.5709901702769556
0.84192096048 0.5695190233654066
0.84292146073 0.5693763037683394
0.84392196098 0.570042337360261
0.844922461231 0.5707723392230537
0.845922961481 0.5692735104557192
0.846923461731 0.5690477228483873
0.847923961981 0.5677817166464326
0.848924462231 0.565457964294532
0.849924962481 0.5645141159857172
0.850925462731 0.5648004951678374
0.851925962981 0.5651474827459471
0.852926463232 0.5669846983189099
0.853926963482 0.5694383093916014
0.854927463732 0.573059473077152
0.855927963982 0.566768659875709
0.856928464232 0.5600534177768919
0.857928964482 0.5530680090832356
0.858929464732 0.5549024716917506
0.859929964982 0.5612296247796407
0.860930465233 0.5670405589892235
0.861930965483 0.5776459476957282
0.862931465733 0.6049940745596215
0.863931965983 0.5403327975242772
0.864932466233 0.5401805416009576
0.865932966483 0.5366777192317852
0.866933466733 0.5464557469317006
0.867933966983 0.539178926588599
0.868934467234 0.5048169245067643
0.869934967484 0.5005061879015162
0.870935467734 0.504036403975609
0.871935967984 0.5093136320818882
0.872936468234 0.5227699970093379
0.873936968484 0.542966017948936
0.874937468734 0.5512407938565091
0.875937968984 0.50083464363133
0.876938469235 0.46958762115402763
0.877938969485 0.4611933597644495
0.878939469735 0.45645050002289617
0.879939969985 0.4535827395569874
0.880940470235 0.45285531328222806
0.881940970485 0.4522359887060485
0.882941470735 0.4521854585036321
0.883941970985 0.4528097890961994
0.884942471236 0.45321887076741646
0.885942971486 0.45397257582495265
0.886943471736 0.45569273107589847
0.887943971986 0.4585894141952131
0.888944472236 0.4616873623295936
0.889944972486 0.46406558680232196
0.890945472736 0.47000249151895124
0.891945972986 0.47771443553613135
0.892946473237 0.48466724544557094
0.893946973487 0.49384396471530845
0.894947473737 0.5047661039231779
0.895947973987 0.5155344585023968
0.896948474237 0.5354695232401648
0.897948974487 0.5654310933676308
0.898949474737 0.5951274655962296
0.899949974987 0.5876308205733834
0.900950475238 0.571602200862466
0.901950975488 0.5668384596262029
0.902951475738 0.5708740847851634
0.903951975988 0.5725979960351212
0.904952476238 0.5817702178760144
0.905952976488 0.5880757680358883
0.906953476738 0.5992092602240303
0.907953976988 0.6144795163129144
0.908954477239 0.6317265943168697
0.909954977489 0.6148536392581128
0.910955477739 0.618794335192745
0.911955977989 0.6197756764962938
0.912956478239 0.6212264705606201
0.913956978489 0.6230147952918447
0.914957478739 0.6256561050805388
0.915957978989 0.6387123118110585
0.91695847924 0.7205667336420807
0.91795897949 0.7516925547385661
0.91895947974 0.8605257959410283
0.91995997999 1.04038208916704
0.92096048024 1.21130287011398
0.92196098049 1.289607036582446
0.92296148074 1.4270904840260594
0.92396198099 0.876707124101222
0.924962481241 0.8348671139303366
0.925962981491 0.7944357468350938
0.926963481741 0.7784423502561996
0.927963981991 0.7769689899380413
0.928964482241 0.7907858367696948
0.929964982491 0.8266448222312953
0.930965482741 0.6714017545331967
0.931965982991 0.646860896956091
0.932966483242 0.6359009596028954
0.933966983492 0.6236002282520252
0.934967483742 0.6143988804894222
0.935967983992 0.6034427340148875
0.936968484242 0.5829054085436589
0.937968984492 0.576027800393406
0.938969484742 0.5738312148472523
0.939969984992 0.569030949969734
0.940970485243 0.568665749917855
0.941970985493 0.5642736931307596
0.942971485743 0.5601716894736497
0.943971985993 0.5563010141339224
0.944972486243 0.5519792799765311
0.945972986493 0.5471953650654064
0.946973486743 0.5441509106292218
0.947973986993 0.539911583846182
0.948974487244 0.5347842064734212
0.949974987494 0.5310899158631912
0.950975487744 0.5270711097632282
0.951975987994 0.5213761627023707
0.952976488244 0.5154799536015116
0.953976988494 0.509779090015842
0.954977488744 0.5047554038149633
0.955977988994 0.49837245813976677
0.956978489245 0.49502538297798615
0.957978989495 0.4896764378359612
0.958979489745 0.4849870195076952
0.959979989995 0.47918702609993336
0.960980490245 0.47304814862188094
0.961980990495 0.4561682181206699
0.962981490745 0.46217462433041834
0.963981990995 0.4749820952055165
0.964982491246 0.47399129192802747
0.965982991496 0.4664622086689556
0.966983491746 0.45772893348627436
0.967983991996 0.45270100643400474
0.968984492246 0.4777419603315815
0.969984992496 0.4854636294452812
0.970985492746 0.4920438784194067
0.971985992996 0.48507441324168415
0.972986493247 0.4933320711778741
0.973986993497 0.4848362470450883
0.974987493747 0.5069589947390595
0.975987993997 0.49053674721488927
0.976988494247 0.44923402364513304
0.977988994497 0.4422508317514125
0.978989494747 0.4129098843199496
0.979989994997 0.41504235250390376
0.980990495248 0.4124250429955044
0.981990995498 0.41111720930154977
0.982991495748 0.41438395973130837
0.983991995998 0.41556354940812695
0.984992496248 0.4154873852470207
0.985992996498 0.41664618614623683
0.986993496748 0.41893220050454477
0.987993996998 0.41921670271361205
0.988994497249 0.41972571032296935
0.989994997499 0.42343850524460586
0.990995497749 0.43009719518990674
0.991995997999 0.4377569872838174
0.992996498249 0.44633755327671754
0.993996998499 0.4643112727063248
0.994997498749 0.4317253169588878
0.995997999 0.42525284184348516
0.99699849925 0.4258824870256705
0.9979989995 0.4278861005849933
0.99899949975 0.4280313848508618
1.0 0.39101497802487006
