-1.0 0.0463885935154857
-0.99899949975 0.04651444479036261
-0.9979989995 0.04679905438436101
-0.99699849925 0.047863512685739115
-0.995997999 0.04778420518776929
-0.994997498749 0.04782219329238591
-0.993996998499 0.04780132728532641
-0.992996498249 0.04824233212624053
-0.991995997999 0.05021786504627573
-0.990995497749 0.048399564428900546
-0.989994997499 0.04831114060102569
-0.988994497249 0.04886971173010377
-0.987993996998 0.04858403354971745
-0.986993496748 0.04871380688529072
-0.985992996498 0.05014466394602265
-0.984992496248 0.04929629895556053
-0.983991995998 0.04925875767262919
-0.982991495748 0.04723084401941242
-0.981990995498 0.047212501608943296
-0.980990495248 0.04716029169277277
-0.979989994997 0.047341209767741456
-0.978989494747 0.047186055004462754
-0.977988994497 0.046774070103166775
-0.976988494247 0.046670568002084786
-0.975987993997 0.04654359962354291
-0.974987493747 0.046777471639427796
-0.973986993497 0.04686253561951055
-0.972986493247 0.05418632054508131
-0.971985992996 0.05370896665959936
-0.970985492746 0.05408259141559106
-0.969984992496 0.0540897196813262
-0.968984492246 0.05411392455881425
-0.967983991996 0.05558621469048127
-0.966983491746 0.05553646420443387
-0.965982991496 0.055316283655934745
-0.964982491246 0.046432857391485276
-0.963981990995 0.04648207160827049
-0.962981490745 0.04663386182370847
-0.961980990495 0.04714870163575064
-0.960980490245 0.04726536926735764
-0.959979989995 0.047834123619705994
-0.958979489745 0.046880508803399834
-0.957978989495 0.04673989509722154
-0.956978489245 0.046527918298024315
-0.955977988994 0.046422950177702024
-0.954977488744 0.04624062471110724
-0.953976988494 0.046190665049731586
-0.952976488244 0.04602380334134337
-0.951975987994 0.0459459867532395
-0.950975487744 0.04576366885445924
-0.949974987494 0.045575755842176796
-0.948974487244 0.04541185662676629
-0.947973986993 0.0453778313599216
-0.946973486743 0.045054967684283964
-0.945972986493 0.04497148781770134
-0.944972486243 0.04374916252494257
-0.943971985993 0.043399609587035405
-0.942971485743 0.0433965914396972
-0.941970985493 0.04317931114081137
-0.940970485243 0.042798185503978806
-0.939969984992 0.04244918773819433
-0.938969484742 0.042264292805847724
-0.937968984492 0.042066142842863176
-0.936968484242 0.0419773830066048
-0.935967983992 0.042153574973215056
-0.934967483742 0.042579781000352056
-0.933966983492 0.0425359562078986
-0.932966483242 0.04323531698176709
-0.931965982991 0.04545620956408877
-0.930965482741 0.043870960971757876
-0.929964982491 0.0432452402799786
-0.928964482241 0.0434620477637007
-0.927963981991 0.042710890970918694
-0.926963481741 0.04224002213312593
-0.925962981491 0.0419321660572964
-0.924962481241 0.04148874315817562
-0.92396198099 0.04135841215323721
-0.92296148074 0.041274787288103056
-0.92196098049 0.0411719032591046
-0.92096048024 0.041292549915100486
-0.91995997999 0.041304507947991814
-0.91895947974 0.04142982891039199
-0.91795897949 0.04417742394859669
-0.91695847924 0.04428385935288
-0.915957978989 0.043993181528932224
-0.914957478739 0.044149553559026035
-0.913956978489 0.044883818265996675
-0.912956478239 0.04478125915561152
-0.911955977989 0.04427775484690772
-0.910955477739 0.043382899765555594
-0.909954977489 0.04450038762863703
-0.908954477239 0.03994737965430562
-0.907953976988 0.03894209618397598
-0.906953476738 0.038976586029553555
-0.905952976488 0.038651250503506575
-0.904952476238 0.038477639361668495
-0.903951975988 0.03831242059387991
-0.902951475738 0.03805171253884482
-0.901950975488 0.04016649716956744
-0.900950475238 0.0419167382282994
-0.899949974987 0.05209847465489267
-0.898949474737 0.04233406060020846
-0.897948974487 0.04085744476969457
-0.896948474237 0.04014029412329921
-0.895947973987 0.03928378481077392
-0.894947473737 0.03935318018012299
-0.893946973487 0.03979156458384582
-0.892946473237 0.04026361939025955
-0.891945972986 0.04017532444476832
-0.890945472736 0.04096384008142182
-0.889944972486 0.042215409574059656
-0.888944472236 0.04171483390776186
-0.887943971986 0.041446945172271474
-0.886943471736 0.04143910652487083
-0.885942971486 0.042586533539677604
-0.884942471236 0.04307112303062116
-0.883941970985 0.04402335153798946
-0.882941470735 0.04541819121601451
-0.881940970485 0.04449888701237085
-0.880940470235 0.04673109241762845
-0.879939969985 0.04724217500501519
-0.878939469735 0.04670896579068247
-0.877938969485 0.04735075500603579
-0.876938469235 0.048335472347368055
-0.875937968984 0.04617252917689434
-0.874937468734 0.04536630577046872
-0.873936968484 0.044422798447930165
-0.872936468234 0.04737313143627271
-0.871935967984 0.04746087308288542
-0.870935467734 0.04724399269045493
-0.869934967484 0.047087238925294234
-0.868934467234 0.047070765121994276
-0.867933966983 0.05018537256900833
-0.866933466733 0.047763353124185955
-0.865932966483 0.04686541391321672
-0.864932466233 0.046437926479032283
-0.863931965983 0.04728487148263123
-0.862931465733 0.04929657672223337
-0.861930965483 0.04880377156518295
-0.860930465233 0.048386773001753716
-0.859929964982 0.047515508939571696
-0.858929464732 0.046860682055507315
-0.857928964482 0.04680199381423764
-0.856928464232 0.04715750907095597
-0.855927963982 0.047005331083854164
-0.854927463732 0.047145527287315206
-0.853926963482 0.04736985894413413
-0.852926463232 0.0486332774035252
-0.851925962981 0.04815993200555026
-0.850925462731 0.047707235474386545
-0.849924962481 0.047739760580428656
-0.848924462231 0.04704214852411247
-0.847923961981 0.0457521885891982
-0.846923461731 0.042922216973924114
-0.845922961481 0.04211211385357453
-0.844922461231 0.041671158770282594
-0.84392196098 0.04087877414804487
-0.84292146073 0.04059417880330915
-0.84192096048 0.04031120485756892
-0.84092046023 0.03994215052284247
-0.83991995998 0.03968189596385447
-0.83891945973 0.038719199901274017
-0.83791895948 0.03858481701296051
-0.83691845923 0.03967907307208241
-0.835917958979 0.038925918085696495
-0.834917458729 0.03955364233451757
-0.833916958479 0.03969885044918863
-0.832916458229 0.03964639966255291
-0.831915957979 0.039230881570298734
-0.830915457729 0.039008848164078444
-0.829914957479 0.040911200409109214
-0.828914457229 0.04124419813237867
-0.827913956978 0.040663683834647295
-0.826913456728 0.04116781346853253
-0.825912956478 0.04131293560615099
-0.824912456228 0.04122559021790635
-0.823911955978 0.04274602115586176
-0.822911455728 0.04256642465762722
-0.821910955478 0.042831172214717404
-0.820910455228 0.0430118128325315
-0.819909954977 0.042329355732988766
-0.818909454727 0.04234444191107863
-0.817908954477 0.0418855988018115
-0.816908454227 0.04163660867680026
-0.815907953977 0.041620879199862515
-0.814907453727 0.041494494614497925
-0.813906953477 0.04274722474672894
-0.812906453227 0.04289095351742708
-0.811905952976 0.04254942032389868
-0.810905452726 0.042579474905378924
-0.809904952476 0.04259116610118273
-0.808904452226 0.04236055483526043
-0.807903951976 0.04290303553448184
-0.806903451726 0.04362470672576308
-0.805902951476 0.04407432568242328
-0.804902451226 0.04365980293623749
-0.803901950975 0.04375471382051527
-0.802901450725 0.04384817500989901
-0.801900950475 0.0441785624974797
-0.800900450225 0.04512345425117103
-0.799899949975 0.04403688973666049
-0.798899449725 0.043764189197187955
-0.797898949475 0.043472814651789496
-0.796898449225 0.043452275299382365
-0.795897948974 0.04363680337592922
-0.794897448724 0.04357578401766477
-0.793896948474 0.0433698588462105
-0.792896448224 0.042775033154100014
-0.791895947974 0.04288617602949253
-0.790895447724 0.04260972777830424
-0.789894947474 0.04084725353993004
-0.788894447224 0.04080098734650252
-0.787893946973 0.04075128533841699
-0.786893446723 0.04071354179805823
-0.785892946473 0.04083810947653935
-0.784892446223 0.040975282377683324
-0.783891945973 0.0413029371617132
-0.782891445723 0.04128902542092961
-0.781890945473 0.04154919242657813
-0.780890445223 0.04057047590500088
-0.779889944972 0.04072150501321339
-0.778889444722 0.04005924656204337
-0.777888944472 0.039747309130074814
-0.776888444222 0.039770754256799226
-0.775887943972 0.04006552095962194
-0.774887443722 0.03958473898274597
-0.773886943472 0.03986473086807648
-0.772886443222 0.04008885838028102
-0.771885942971 0.040062045330495934
-0.770885442721 0.0402756375172559
-0.769884942471 0.04009247804269244
-0.768884442221 0.04002834444785313
-0.767883941971 0.04067581708066416
-0.766883441721 0.0402454384145228
-0.765882941471 0.03993661083758548
-0.764882441221 0.03981089659833794
-0.76388194097 0.039882526640673314
-0.76288144072 0.03978550226911731
-0.76188094047 0.04064018301443374
-0.76088044022 0.04136082694408186
-0.75987993997 0.04128169653796905
-0.75887943972 0.04163317246002611
-0.75787893947 0.04193681055336332
-0.75687843922 0.04191119860492186
-0.755877938969 0.041917560715453044
-0.754877438719 0.042190556368515736
-0.753876938469 0.04178819090415024
-0.752876438219 0.04155406315762702
-0.751875937969 0.0415757473281738
-0.750875437719 0.04165918009727868
-0.749874937469 0.041640726573502054
-0.748874437219 0.04170264754187465
-0.747873936968 0.04164931763646913
-0.746873436718 0.04164037108253199
-0.745872936468 0.04180986854555411
-0.744872436218 0.041914651788163504
-0.743871935968 0.04191360839622586
-0.742871435718 0.0419193216720813
-0.741870935468 0.0429225409045132
-0.740870435218 0.04333172495774982
-0.739869934967 0.04512131168883216
-0.738869434717 0.04557383079705612
-0.737868934467 0.045922047770665955
-0.736868434217 0.04443311086644737
-0.735867933967 0.0428732142001059
-0.734867433717 0.04262589994806276
-0.733866933467 0.04256764665714046
-0.732866433217 0.04248350554369297
-0.731865932966 0.04259891437883405
-0.730865432716 0.04258053396323116
-0.729864932466 0.042478673179480154
-0.728864432216 0.042462423581169736
-0.727863931966 0.0425745221133736
-0.726863431716 0.042473644293080766
-0.725862931466 0.04233803813767618
-0.724862431216 0.04205029294057418
-0.723861930965 0.04211823229062211
-0.722861430715 0.04216091744043307
-0.721860930465 0.04223603424419202
-0.720860430215 0.04230195587646843
-0.719859929965 0.04237082955949805
-0.718859429715 0.042421462437145355
-0.717858929465 0.0424221345340175
-0.716858429215 0.04245832912267603
-0.715857928964 0.04255008302335426
-0.714857428714 0.042596458497844845
-0.713856928464 0.042573382335539936
-0.712856428214 0.042536697776733134
-0.711855927964 0.04250609390568423
-0.710855427714 0.042459916154668265
-0.709854927464 0.04240547735851884
-0.708854427214 0.04238542041734096
-0.707853926963 0.04227891073081998
-0.706853426713 0.042273208437186925
-0.705852926463 0.04222065797868088
-0.704852426213 0.042242629476738104
-0.703851925963 0.0420624890715416
-0.702851425713 0.04190003833989841
-0.701850925463 0.041847423830792485
-0.700850425213 0.04181527968359572
-0.699849924962 0.04173254523536675
-0.698849424712 0.041735765971626884
-0.697848924462 0.041637635200754655
-0.696848424212 0.04150506079772191
-0.695847923962 0.04150237490684601
-0.694847423712 0.0414902023915841
-0.693846923462 0.04128761199742628
-0.692846423212 0.041236321569609255
-0.691845922961 0.041271034948945046
-0.690845422711 0.041099173271710476
-0.689844922461 0.040946845627396596
-0.688844422211 0.039455179003931654
-0.687843921961 0.039375862144643774
-0.686843421711 0.03936988599678748
-0.685842921461 0.0394089581878636
-0.684842421211 0.039341407361715645
-0.68384192096 0.039270434839881414
-0.68284142071 0.0391737200673171
-0.68184092046 0.03915363680990004
-0.68084042021 0.039185635047399456
-0.67983991996 0.039739583576984545
-0.67883941971 0.03975063641378463
-0.67783891946 0.03977827556662417
-0.67683841921 0.039594364284942916
-0.675837918959 0.0413849401954689
-0.674837418709 0.04149139095529405
-0.673836918459 0.041627943446340285
-0.672836418209 0.04164052624864276
-0.671835917959 0.04163816442209189
-0.670835417709 0.041402916835764136
-0.669834917459 0.04139275483737398
-0.668834417209 0.041677001125302954
-0.667833916958 0.04230137317566758
-0.666833416708 0.043579920954544285
-0.665832916458 0.04389743164567102
-0.664832416208 0.044018168546803675
-0.663831915958 0.04434254401311058
-0.662831415708 0.04237317273792998
-0.661830915458 0.04214971601283502
-0.660830415208 0.042138721395978976
-0.659829914957 0.042210720439843086
-0.658829414707 0.0422471864231318
-0.657828914457 0.0424075657944903
-0.656828414207 0.041695006331713295
-0.655827913957 0.0417689370698878
-0.654827413707 0.04180526804292987
-0.653826913457 0.04194843804238644
-0.652826413207 0.04194738438723148
-0.651825912956 0.04218770908123186
-0.650825412706 0.0421468364577783
-0.649824912456 0.04230864403505441
-0.648824412206 0.042532888584564256
-0.647823911956 0.04251737949039064
-0.646823411706 0.04268709363136391
-0.645822911456 0.042779335494252946
-0.644822411206 0.04306127686740512
-0.643821910955 0.043354476153034754
-0.642821410705 0.04351325539251237
-0.641820910455 0.04366013755314609
-0.640820410205 0.043989264562328705
-0.639819909955 0.044093413408528306
-0.638819409705 0.044354345518401755
-0.637818909455 0.04467315464857103
-0.636818409205 0.04491488657749878
-0.635817908954 0.045116925501115325
-0.634817408704 0.04546173970684364
-0.633816908454 0.045539784790039076
-0.632816408204 0.045572796135851856
-0.631815907954 0.045854949606280886
-0.630815407704 0.04618557170633213
-0.629814907454 0.04645300279739319
-0.628814407204 0.04632571475873306
-0.627813906953 0.04641222036154981
-0.626813406703 0.047040345385228145
-0.625812906453 0.04684059448399761
-0.624812406203 0.047262481239752394
-0.623811905953 0.046938507932736184
-0.622811405703 0.04718539584326845
-0.621810905453 0.04776138788077697
-0.620810405203 0.048044379084147916
-0.619809904952 0.04835056407561826
-0.618809404702 0.048454811450000364
-0.617808904452 0.04840750555435532
-0.616808404202 0.0485687898120636
-0.615807903952 0.04877854161628152
-0.614807403702 0.04899978769360268
-0.613806903452 0.04942278194642934
-0.612806403202 0.0497963386397599
-0.611805902951 0.05023041462269019
-0.610805402701 0.05099598928560696
-0.609804902451 0.05111487340278605
-0.608804402201 0.0521803017397349
-0.607803901951 0.05199551176253742
-0.606803401701 0.05324093035770838
-0.605802901451 0.049848135194346735
-0.604802401201 0.0501476342295664
-0.60380190095 0.05017820883211439
-0.6028014007 0.050105234105120695
-0.60180090045 0.05049683285860271
-0.6008004002 0.05099049925662462
-0.59979989995 0.05140652848221869
-0.5987993997 0.05163484254168785
-0.59779889945 0.05126083681984035
-0.5967983992 0.05107873239361519
-0.595797898949 0.050908994562129106
-0.594797398699 0.05085394710163893
-0.593796898449 0.05106260028520784
-0.592796398199 0.05152598194500621
-0.591795897949 0.05146840987101205
-0.590795397699 0.051610627831369965
-0.589794897449 0.05140121298918848
-0.588794397199 0.05162101699435259
-0.587793896948 0.05242104253983315
-0.586793396698 0.0527409165299113
-0.585792896448 0.05193682717582517
-0.584792396198 0.05204904227840001
-0.583791895948 0.05203161145516683
-0.582791395698 0.05258085958937813
-0.581790895448 0.05524829093289708
-0.580790395198 0.055470677349344716
-0.579789894947 0.05257098900192365
-0.578789394697 0.05235587624934417
-0.577788894447 0.04908091272120903
-0.576788394197 0.04883890689482849
-0.575787893947 0.04857379924436796
-0.574787393697 0.048564110224344835
-0.573786893447 0.04862049816354435
-0.572786393197 0.0486197147581421
-0.571785892946 0.048582335855305615
-0.570785392696 0.048629986276206155
-0.569784892446 0.04866701718564898
-0.568784392196 0.048783376307062726
-0.567783891946 0.048908714136935184
-0.566783391696 0.0493312914580196
-0.565782891446 0.049425349538391464
-0.564782391196 0.04941560233433726
-0.563781890945 0.04944763735260867
-0.562781390695 0.049623327599844475
-0.561780890445 0.051113188571173335
-0.560780390195 0.04913576520497493
-0.559779889945 0.04945742722154632
-0.558779389695 0.049325402489150086
-0.557778889445 0.04960791742444461
-0.556778389195 0.048711891776565444
-0.555777888944 0.048950756574879954
-0.554777388694 0.048964284267641725
-0.553776888444 0.048665870448103776
-0.552776388194 0.048578557263452796
-0.551775887944 0.04848556203580294
-0.550775387694 0.048369318660474364
-0.549774887444 0.048147188946995434
-0.548774387194 0.04816399162233013
-0.547773886943 0.04801367960137813
-0.546773386693 0.04797984844957495
-0.545772886443 0.04796391380380502
-0.544772386193 0.04801790058307756
-0.543771885943 0.04797161633726714
-0.542771385693 0.04829090621891777
-0.541770885443 0.04800728038590161
-0.540770385193 0.04706175453407263
-0.539769884942 0.04463073422643393
-0.538769384692 0.04459716405031975
-0.537768884442 0.04459149906777795
-0.536768384192 0.044560384327291244
-0.535767883942 0.04459123923737151
-0.534767383692 0.04466416492145687
-0.533766883442 0.04483422362921357
-0.532766383192 0.0446429632110143
-0.531765882941 0.04467725646143665
-0.530765382691 0.04463304317217514
-0.529764882441 0.044644918861059465
-0.528764382191 0.04468601493476441
-0.527763881941 0.044756268437039316
-0.526763381691 0.0447084803923032
-0.525762881441 0.04472278977791005
-0.524762381191 0.0445061203792023
-0.52376188094 0.04395460771658652
-0.52276138069 0.043951933007998344
-0.52176088044 0.04382970700299416
-0.52076038019 0.043705178775049806
-0.51975987994 0.043759900486087105
-0.51875937969 0.043878202145378395
-0.51775887944 0.04385823939979191
-0.51675837919 0.04386883446302281
-0.515757878939 0.043862645224913434
-0.514757378689 0.04389411893667907
-0.513756878439 0.04393372649508925
-0.512756378189 0.04336946871141707
-0.511755877939 0.04343740442141722
-0.510755377689 0.04340867939139562
-0.509754877439 0.04339035481225753
-0.508754377189 0.04333506662385113
-0.507753876938 0.04329868075016694
-0.506753376688 0.0432431324003172
-0.505752876438 0.043286978017047284
-0.504752376188 0.043362257898040386
-0.503751875938 0.04343492186477456
-0.502751375688 0.04348540708149493
-0.501750875438 0.04365886896225586
-0.500750375188 0.0439058972052474
-0.499749874937 0.04357984954139467
-0.498749374687 0.043456448439589915
-0.497748874437 0.043560100298505135
-0.496748374187 0.04365730824135377
-0.495747873937 0.04415458429698709
-0.494747373687 0.04402725575672373
-0.493746873437 0.04372610247229454
-0.492746373187 0.04367167752590009
-0.491745872936 0.04378967546605319
-0.490745372686 0.04389706634546482
-0.489744872436 0.04388076728681347
-0.488744372186 0.04383977439612845
-0.487743871936 0.043839371743611924
-0.486743371686 0.043796991015415024
-0.485742871436 0.04366704213349717
-0.484742371186 0.043590500957960576
-0.483741870935 0.04358051954621136
-0.482741370685 0.043517241286879116
-0.481740870435 0.04356687556085948
-0.480740370185 0.04346492102469478
-0.479739869935 0.043424475999229294
-0.478739369685 0.0434560073628669
-0.477738869435 0.04353621462667822
-0.476738369185 0.043625845214886244
-0.475737868934 0.043757202575578025
-0.474737368684 0.043743355124588254
-0.473736868434 0.043665459360179286
-0.472736368184 0.04373645321000587
-0.471735867934 0.0437970786827466
-0.470735367684 0.04389066947235871
-0.469734867434 0.04406383493344313
-0.468734367184 0.04426703657170097
-0.467733866933 0.044387368434236955
-0.466733366683 0.044448365237282426
-0.465732866433 0.044621938742124174
-0.464732366183 0.044597807044291615
-0.463731865933 0.04451560302914907
-0.462731365683 0.045097143755313436
-0.461730865433 0.046257338730294084
-0.460730365183 0.04610043426556489
-0.459729864932 0.0461311599496646
-0.458729364682 0.04602337174254945
-0.457728864432 0.04599062384466198
-0.456728364182 0.04601087140024595
-0.455727863932 0.046148494323136294
-0.454727363682 0.0461217260385613
-0.453726863432 0.04617606269537542
-0.452726363182 0.046570003211302995
-0.451725862931 0.04703391144689963
-0.450725362681 0.046946217548838945
-0.449724862431 0.04789121079087753
-0.448724362181 0.04718233883490842
-0.447723861931 0.04744376505618664
-0.446723361681 0.04812299840343312
-0.445722861431 0.04850536826417062
-0.444722361181 0.04931361431522555
-0.44372186093 0.04882968718240809
-0.44272136068 0.04891037700905702
-0.44172086043 0.0489301056410915
-0.44072036018 0.04898471725538828
-0.43971985993 0.049293328563035914
-0.43871935968 0.04980850572030473
-0.43771885943 0.050831927649107864
-0.43671835918 0.051709919987648664
-0.435717858929 0.05309568143401556
-0.434717358679 0.05195500511536242
-0.433716858429 0.05113420902219033
-0.432716358179 0.050806531778960724
-0.431715857929 0.05061156192379632
-0.430715357679 0.05089831432402166
-0.429714857429 0.052280030819552285
-0.428714357179 0.050725376734864776
-0.427713856928 0.05026044706369147
-0.426713356678 0.05008062729827304
-0.425712856428 0.050783457723583385
-0.424712356178 0.05003985314203944
-0.423711855928 0.048928472929994964
-0.422711355678 0.04818050608070632
-0.421710855428 0.047380805145344915
-0.420710355178 0.04642010517236102
-0.419709854927 0.04560282922760804
-0.418709354677 0.04470995873349834
-0.417708854427 0.04402278593369148
-0.416708354177 0.04329534436364919
-0.415707853927 0.04240598049762065
-0.414707353677 0.0413235741368372
-0.413706853427 0.04063938334846282
-0.412706353177 0.04011241353127463
-0.411705852926 0.03951225907531007
-0.410705352676 0.03913367797581333
-0.409704852426 0.03886747401483542
-0.408704352176 0.03843562413185716
-0.407703851926 0.03806703791107629
-0.406703351676 0.037728816989382324
-0.405702851426 0.03735035876734262
-0.404702351176 0.03718465848500592
-0.403701850925 0.03695899374226037
-0.402701350675 0.0365874583730491
-0.401700850425 0.03641083310096739
-0.400700350175 0.036222311842262676
-0.399699849925 0.03594769300278743
-0.398699349675 0.03573735535781207
-0.397698849425 0.03567087288475342
-0.396698349175 0.03530628913203406
-0.395697848924 0.035363460935534656
-0.394697348674 0.034819750552974926
-0.393696848424 0.034230828233570466
-0.392696348174 0.0340917580706335
-0.391695847924 0.03355868465315773
-0.390695347674 0.03300766944532377
-0.389694847424 0.03252864768865963
-0.388694347174 0.032193933444249985
-0.387693846923 0.031665658238546314
-0.386693346673 0.03132323642492908
-0.385692846423 0.030892551657361017
-0.384692346173 0.030418249554796765
-0.383691845923 0.030096257082369793
-0.382691345673 0.029763029589143782
-0.381690845423 0.029376638672714728
-0.380690345173 0.029064990570861295
-0.379689844922 0.02883882626887644
-0.378689344672 0.028506852826839107
-0.377688844422 0.028191939356094178
-0.376688344172 0.02785184613096975
-0.375687843922 0.027564997847559503
-0.374687343672 0.027283761234266766
-0.373686843422 0.027010117603979183
-0.372686343172 0.026751004447063693
-0.371685842921 0.026453630378312665
-0.370685342671 0.026246206819094214
-0.369684842421 0.025918789711802802
-0.368684342171 0.025683424808615712
-0.367683841921 0.025555792600187397
-0.366683341671 0.02544842144517412
-0.365682841421 0.02521741137806695
-0.364682341171 0.02503156874344758
-0.36368184092 0.02480889080154546
-0.36268134067 0.02455563481766588
-0.36168084042 0.024315296331013266
-0.36068034017 0.024236998198672748
-0.35967983992 0.024201498744154528
-0.35867933967 0.02420339925485811
-0.35767883942 0.023660783959733284
-0.35667833917 0.02295949102043742
-0.355677838919 0.022390399015181583
-0.354677338669 0.022229659428593666
-0.353676838419 0.02210908347008242
-0.352676338169 0.022012141795648265
-0.351675837919 0.02222547146303993
-0.350675337669 0.022137485672240196
-0.349674837419 0.02212830977756411
-0.348674337169 0.021227543476867308
-0.347673836918 0.020674963219508003
-0.346673336668 0.02032993088015546
-0.345672836418 0.02006072677154561
-0.344672336168 0.019781591348173255
-0.343671835918 0.019746263862686728
-0.342671335668 0.01961570127188932
-0.341670835418 0.0194208960814987
-0.340670335168 0.019303586842607818
-0.339669834917 0.019224500319885467
-0.338669334667 0.01918724493982038
-0.337668834417 0.019097462722890812
-0.336668334167 0.01900351870640284
-0.335667833917 0.01896551953357387
-0.334667333667 0.018930165491994343
-0.333666833417 0.018874215718206844
-0.332666333167 0.018819659721426633
-0.331665832916 0.018751211872914824
-0.330665332666 0.018722116968639527
-0.329664832416 0.018722658562158837
-0.328664332166 0.018811550937594724
-0.327663831916 0.018773863904643223
-0.326663331666 0.01875759580751723
-0.325662831416 0.018766249993774374
-0.324662331166 0.018740881734848835
-0.323661830915 0.01882545115150639
-0.322661330665 0.019026742997388792
-0.321660830415 0.018950274566915275
-0.320660330165 0.019160083302045453
-0.319659829915 0.018905794158614896
-0.318659329665 0.018442649107401884
-0.317658829415 0.01843689598404602
-0.316658329165 0.01834370261207941
-0.315657828914 0.018348512542446738
-0.314657328664 0.018243522001778374
-0.313656828414 0.018215767473297742
-0.312656328164 0.018200237245553218
-0.311655827914 0.01825019324527157
-0.310655327664 0.018138792960681004
-0.309654827414 0.018849764527614218
-0.308654327164 0.01910941048190669
-0.307653826913 0.01926277752589963
-0.306653326663 0.01944146894254141
-0.305652826413 0.019472651342385686
-0.304652326163 0.019460184645919174
-0.303651825913 0.01956826750646957
-0.302651325663 0.019575558799772158
-0.301650825413 0.019623928234112818
-0.300650325163 0.0195636981178219
-0.299649824912 0.019652382957462574
-0.298649324662 0.019763501644176874
-0.297648824412 0.019797040076101405
-0.296648324162 0.02116312986063684
-0.295647823912 0.019778208603677135
-0.294647323662 0.01947346240498882
-0.293646823412 0.019401669569997972
-0.292646323162 0.01611661190841312
-0.291645822911 0.016130414327286957
-0.290645322661 0.015963596544397683
-0.289644822411 0.015865532843692673
-0.288644322161 0.015696832217572045
-0.287643821911 0.015671622312031397
-0.286643321661 0.01537877412757181
-0.285642821411 0.015364160220587345
-0.284642321161 0.014920561196756225
-0.28364182091 0.014642449213725834
-0.28264132066 0.01444179653244952
-0.28164082041 0.014158397934017256
-0.28064032016 0.013982444025100939
-0.27963981991 0.013666751848112932
-0.27863931966 0.013475664026098438
-0.27763881941 0.013407978317218489
-0.27663831916 0.013193879163211549
-0.275637818909 0.013117474769130772
-0.274637318659 0.012851454089717435
-0.273636818409 0.012769865822007221
-0.272636318159 0.012756296814231589
-0.271635817909 0.012756114786638647
-0.270635317659 0.01289655422265725
-0.269634817409 0.013060276916666813
-0.268634317159 0.01324360960761418
-0.267633816908 0.01337069770562355
-0.266633316658 0.013573847656172939
-0.265632816408 0.013882705526902647
-0.264632316158 0.014244557611297934
-0.263631815908 0.014721983866499668
-0.262631315658 0.015310835222693152
-0.261630815408 0.015690247396034574
-0.260630315158 0.016263930238878514
-0.259629814907 0.017053156176188133
-0.258629314657 0.018027227143629063
-0.257628814407 0.01924871342375346
-0.256628314157 0.02074919758254908
-0.255627813907 0.022583096097008662
-0.254627313657 0.025045283238135964
-0.253626813407 0.02804943965217811
-0.252626313157 0.03243679559970432
-0.251625812906 0.037739709958246805
-0.250625312656 0.048377252128750436
-0.249624812406 0.06600136635954165
-0.248624312156 0.38822044263296906
-0.247623811906 0.23964386111135028
-0.246623311656 0.1818350817237543
-0.245622811406 0.148957464365567
-0.244622311156 0.1203581902885176
-0.243621810905 0.11986456264479971
-0.242621310655 0.10018190651166514
-0.241620810405 0.0959277773921086
-0.240620310155 0.08854223518336649
-0.239619809905 0.08265159402334828
-0.238619309655 0.07747467962214141
-0.237618809405 0.07336913636183857
-0.236618309155 0.07018261135688887
-0.235617808904 0.06569646535684968
-0.234617308654 0.06508414756514637
-0.233616808404 0.06217973743144444
-0.232616308154 0.0626662617238751
-0.231615807904 0.060693324166778986
-0.230615307654 0.058468815484621996
-0.229614807404 0.0565144363571573
-0.228614307154 0.02393327949428129
-0.227613806903 0.0242133928046304
-0.226613306653 0.024480115509676652
-0.225612806403 0.025270955825197734
-0.224612306153 0.04088887968733624
-0.223611805903 0.02582130839071617
-0.222611305653 0.024866922908934438
-0.221610805403 0.024950469382259033
-0.220610305153 0.025391072813626934
-0.219609804902 0.025820296830769907
-0.218609304652 0.025615157242080536
-0.217608804402 0.025915804184114495
-0.216608304152 0.025198600055989895
-0.215607803902 0.025469249849367142
-0.214607303652 0.025622189132882476
-0.213606803402 0.025517130267421646
-0.212606303152 0.02556144438416531
-0.211605802901 0.02584361791138607
-0.210605302651 0.02593605110042858
-0.209604802401 0.026214400421636516
-0.208604302151 0.02659627707614811
-0.207603801901 0.026692531454923493
-0.206603301651 0.026868112799658166
-0.205602801401 0.027179593842891345
-0.204602301151 0.027609729049853763
-0.2036018009 0.028062547689203073
-0.20260130065 0.02848580339313379
-0.2016008004 0.028931011823989394
-0.20060030015 0.0295562011563097
-0.1995997999 0.029961928228929628
-0.19859929965 0.030893103177039208
-0.1975987994 0.03010099881731047
-0.19659829915 0.03027182242365225
-0.195597798899 0.03079487305771421
-0.194597298649 0.030732004631937926
-0.193596798399 0.031055321253692147
-0.192596298149 0.03140154388013168
-0.191595797899 0.03168781820912966
-0.190595297649 0.032353946184899444
-0.189594797399 0.03383083521616155
-0.188594297149 0.03395770734444419
-0.187593796898 0.034078677018229656
-0.186593296648 0.03436168900647898
-0.185592796398 0.03476507431006519
-0.184592296148 0.03570160701666354
-0.183591795898 0.03632414357614108
-0.182591295648 0.0361476130502626
-0.181590795398 0.03622741186185846
-0.180590295148 0.037428905062975
-0.179589794897 0.03755530564661277
-0.178589294647 0.03712620489908256
-0.177588794397 0.03869836070799357
-0.176588294147 0.03685200413194997
-0.175587793897 0.03725077582023134
-0.174587293647 0.03507455779043498
-0.173586793397 0.03488253960997726
-0.172586293147 0.011419502587593972
-0.171585792896 0.01149133212465822
-0.170585292646 0.011618826700706346
-0.169584792396 0.01174532357049547
-0.168584292146 0.011868422255898287
-0.167583791896 0.011784497002575679
-0.166583291646 0.01174429381726725
-0.165582791396 0.011720609419931482
-0.164582291146 0.011744679690525605
-0.163581790895 0.011769144326416887
-0.162581290645 0.011806108004265846
-0.161580790395 0.011911323406898197
-0.160580290145 0.012005375682791725
-0.159579789895 0.012128161876956423
-0.158579289645 0.01235070667842146
-0.157578789395 0.012569215731184472
-0.156578289145 0.012927407226124118
-0.155577788894 0.012771675635950282
-0.154577288644 0.012859819527187562
-0.153576788394 0.012989628799047899
-0.152576288144 0.012965396699754418
-0.151575787894 0.012863895317659184
-0.150575287644 0.012886875545987926
-0.149574787394 0.01299268015553556
-0.148574287144 0.013108687022197852
-0.147573786893 0.013188718911286017
-0.146573286643 0.013349599772905025
-0.145572786393 0.013612837547314266
-0.144572286143 0.013736800029799405
-0.143571785893 0.013735048166994451
-0.142571285643 0.01371272639299804
-0.141570785393 0.013835685694714803
-0.140570285143 0.014027126135388888
-0.139569784892 0.014267566698139946
-0.138569284642 0.014221730639128015
-0.137568784392 0.014374146942337226
-0.136568284142 0.014324049651238624
-0.135567783892 0.014255540295727573
-0.134567283642 0.014651237474247522
-0.133566783392 0.014975847958630264
-0.132566283142 0.015091618161202825
-0.131565782891 0.015028807567367101
-0.130565282641 0.015619782200731165
-0.129564782391 0.016249006968918272
-0.128564282141 0.01692176420661152
-0.127563781891 0.021239253781134677
-0.126563281641 0.005846645657537559
-0.125562781391 0.005901948544562378
-0.124562281141 0.006017018574712574
-0.12356178089 0.006120482364155364
-0.12256128064 0.0058115860444015325
-0.12156078039 0.005551978782791978
-0.12056028014 0.0054679872989832345
-0.11955977989 0.005532212533819195
-0.11855927964 0.005570258930915671
-0.11755877939 0.0055798043409863215
-0.11655827914 0.005627341225291117
-0.115557778889 0.005686041906804801
-0.114557278639 0.005743572727636117
-0.113556778389 0.005809132231781776
-0.112556278139 0.0058910606689079595
-0.111555777889 0.00596884194406334
-0.110555277639 0.006060724691978904
-0.109554777389 0.006154966347715153
-0.108554277139 0.006240410380695537
-0.107553776888 0.006332850824963221
-0.106553276638 0.0064428701190089276
-0.105552776388 0.006545500909152112
-0.104552276138 0.006661101101530576
-0.103551775888 0.006826721601340302
-0.102551275638 0.006978615051093285
-0.101550775388 0.007143531235128126
-0.100550275138 0.007259928292143263
-0.0995497748874 0.007372068136227121
-0.0985492746373 0.007476004288832758
-0.0975487743872 0.007642658543535396
-0.0965482741371 0.007865743477999374
-0.0955477738869 0.008135679659994486
-0.0945472736368 0.00847184780925029
-0.0935467733867 0.00876935513181559
-0.0925462731366 0.009086737809766772
-0.0915457728864 0.009469171309010068
-0.0905452726363 0.009959957318038122
-0.0895447723862 0.010515992611028084
-0.0885442721361 0.011113124104502325
-0.0875437718859 0.01189801245424826
-0.0865432716358 0.012936266453999229
-0.0855427713857 0.014244983776024012
-0.0845422711356 0.015928158922925956
-0.0835417708854 0.017963129687508593
-0.0825412706353 0.022508499834896507
-0.0815407703852 0.029768360784732023
-0.0805402701351 0.03950603104094483
-0.0795397698849 0.031936637773733415
-0.0785392696348 0.02819285387712225
-0.0775387693847 0.026033990733773518
-0.0765382691346 0.02218080380727469
-0.0755377688844 0.02164578870099914
-0.0745372686343 0.020163257617159463
-0.0735367683842 0.018243942425971972
-0.0725362681341 0.017891131405882728
-0.0715357678839 0.0175341292179469
-0.0705352676338 0.016698090905742376
-0.0695347673837 0.016241831781712113
-0.0685342671336 0.01585896290546134
-0.0675337668834 0.01538089824714949
-0.0665332666333 0.014804854533840622
-0.0655327663832 0.014003601296956476
-0.0645322661331 0.01381496363880194
-0.0635317658829 0.013670016581615731
-0.0625312656328 0.013573081969494378
-0.0615307653827 0.012890883666610292
-0.0605302651326 0.012730083805935818
-0.0595297648824 0.01258177811131212
-0.0585292646323 0.012401190657982055
-0.0575287643822 0.012202942005879756
-0.0565282641321 0.012065461194846104
-0.0555277638819 0.012017468713184336
-0.0545272636318 0.011834412951778527
-0.0535267633817 0.011639555994098457
-0.0525262631316 0.011489243420344906
-0.0515257628814 0.011675120501377513
-0.0505252626313 0.01169224566058405
-0.0495247623812 0.011463814757642526
-0.0485242621311 0.01145318800706941
-0.0475237618809 0.011912424033118381
-0.0465232616308 0.012349546611270176
-0.0455227613807 0.011576604264586673
-0.0445222611306 0.012122856128930019
-0.0435217608804 0.011537091363392992
-0.0425212606303 0.0070462349649269675
-0.0415207603802 0.007054692811161746
-0.0405202601301 0.007245133956310431
-0.0395197598799 0.007444548730506852
-0.0385192596298 0.007432759735738057
-0.0375187593797 0.007294488731692626
-0.0365182591296 0.007227563841658754
-0.0355177588794 0.007448013424379143
-0.0345172586293 0.0077278103445153805
-0.0335167583792 0.007401183233642706
-0.0325162581291 0.007370440384909063
-0.0315157578789 0.007954464248139722
-0.0305152576288 0.007364990142349895
-0.0295147573787 0.008629468827945599
-0.0285142571286 0.0011705224504167126
-0.0275137568784 0.0012049315706800818
-0.0265132566283 0.0012394785367444323
-0.0255127563782 0.0012855719019625811
-0.0245122561281 0.0013387942129725557
-0.0235117558779 0.0013932355705617047
-0.0225112556278 0.0014634351672296816
-0.0215107553777 0.0015403025275025363
-0.0205102551276 0.0016388250510725893
-0.0195097548774 0.001767216173968258
-0.0185092546273 0.0019184497468414544
-0.0175087543772 0.002163575477318279
-0.0165082541271 0.0025518380363398507
-0.0155077538769 0.007496949313009006
-0.0145072536268 0.0023429959829412332
-0.0135067533767 0.002186272280669601
-0.0125062531266 0.0020682974258497125
-0.0115057528764 0.0018603462658153644
-0.0105052526263 0.0018423860207612518
-0.00950475237619 0.0017407271320591857
-0.00850425212606 0.0017731351412008751
-0.00750375187594 0.0016271888974799965
-0.00650325162581 0.001576941564587338
-0.00550275137569 0.001491127400985912
-0.00450225112556 0.0015227464080056602
-0.00350175087544 0.0015473686065831458
-0.00250125062531 0.001448168049061705
-0.00150075037519 0.001419623800619317
-0.000500250125063 0.0014148626166384341
0.000500250125063 0.001468407405233834
0.00150075037519 0.0013887581883593196
0.00250125062531 0.001694501434290431
0.00350175087544 0.0007240080249934941
0.00450225112556 0.0003564718174405425
0.00550275137569 0.0004475463150346585
0.00650325162581 0.0005386208126287741
0.00750375187594 0.0006296953102228898
0.00850425212606 0.0007182711286768071
0.00950475237619 0.0008059891502344407
0.0105052526263 0.0011602732658175933
0.0115057528764 0.00113071803500219
0.0125062531266 0.0011412411911808531
0.0135067533767 0.0011701404102735353
0.0145072536268 0.001330377392120567
0.0155077538769 0.0014906143739675751
0.0165082541271 0.001650851355814575
0.0175087543772 0.0018110883376615838
0.0185092546273 0.0019696858515516696
0.0195097548774 0.0021259312873571044
0.0205102551276 0.002097836024467815
0.0215107553777 0.0025289933839900275
0.0225112556278 0.0025674591322423133
0.0235117558779 0.002605924880494602
0.0245122561281 0.002652138390779295
0.0255127563782 0.0027151016598386903
0.0265132566283 0.002977814087112311
0.0275137568784 0.0032405265143859397
0.0285142571286 0.0035032389416595677
0.0295147573787 0.003765951368933197
0.0305152576288 0.00402865677081515
0.0315157578789 0.004290182707609057
0.0325162581291 0.004085042400982408
0.0335167583792 0.004643348100389855
0.0345172586293 0.004715562513366282
0.0355177588794 0.004792845446175616
0.0365182591296 0.004870128378984949
0.0375187593797 0.004947411311794292
0.0385192596298 0.005213366846366597
0.0395197598799 0.005612201168171473
0.0405202601301 0.006013715734051892
0.0415207603802 0.006415287526753273
0.0425212606303 0.006816859319454663
0.0435217608804 0.007169017806209234
0.0445222611306 0.006795885418631346
0.0455227613807 0.0074442179806665015
0.0465232616308 0.00755199104207704
0.0475237618809 0.007659651874650051
0.0485242621311 0.007765993882107626
0.0495247623812 0.007873030846080365
0.0505252626313 0.008180742120754
0.0515257628814 0.00870622493471523
0.0525262631316 0.009231067146684669
0.0535267633817 0.009755909358654105
0.0545272636318 0.010280751570623543
0.0555277638819 0.010303503690265853
0.0565282641321 0.009843137906414393
0.0575287643822 0.010509498427617213
0.0585292646323 0.01065250568687704
0.0595297648824 0.010795690857204495
0.0605302651326 0.010968891717681945
0.0615307653827 0.011155060510214268
0.0625312656328 0.0113655247270079
0.0635317658829 0.011867845133347637
0.0645322661331 0.01237016553968735
0.0655327663832 0.012714306002122274
0.0665332666333 0.013193959181661606
0.0675337668834 0.012798596669708185
0.0685342671336 0.012639741814228198
0.0695347673837 0.012484713024378981
0.0705352676338 0.012603762245908286
0.0715357678839 0.013075150825624916
0.0725362681341 0.013129874997992279
0.0735367683842 0.013180467021974729
0.0745372686343 0.013230668473484634
0.0755377688844 0.012844975512397461
0.0765382691346 0.013492833203180312
0.0775387693847 0.013605532362583512
0.0785392696348 0.013596220117276289
0.0795397698849 0.01315273975633372
0.0805402701351 0.012960434313469616
0.0815407703852 0.013234580112701105
0.0825412706353 0.013025776316308845
0.0835417708854 0.012816975254940922
0.0845422711356 0.012624588383263753
0.0855427713857 0.012688075597989972
0.0865432716358 0.013177398512120103
0.0875437718859 0.013403405376964989
0.0885442721361 0.013419392561792077
0.0895447723862 0.013423686550054494
0.0905452726363 0.013482483934283567
0.0915457728864 0.013741259663005658
0.0925462731366 0.013860960288573093
0.0935467733867 0.013856669527556034
0.0945472736368 0.013839875376889436
0.0955477738869 0.013899992888278933
0.0965482741371 0.01396960436072607
0.0975487743872 0.014015066780132248
0.0985492746373 0.014070507307600857
0.0995497748874 0.014245207488690483
0.100550275138 0.014357136625244378
0.101550775388 0.01454281141635608
0.102551275638 0.01467971309945848
0.103551775888 0.014813621449827943
0.104552276138 0.014937144523209697
0.105552776388 0.015059395822213084
0.106553276638 0.01886552358856842
0.107553776888 0.019003664506399807
0.108554277139 0.019393595275438883
0.109554777389 0.01913700057214777
0.110555277639 0.018948885568079346
0.111555777889 0.019002891909774663
0.112556278139 0.019070727710118796
0.113556778389 0.01929356854277472
0.114557278639 0.019340580750724753
0.115557778889 0.019327979324957376
0.11655827914 0.01947463968673578
0.11755877939 0.019409826285423416
0.11855927964 0.019457820928021757
0.11955977989 0.019497002540998683
0.12056028014 0.019550144910923647
0.12156078039 0.019668110643337733
0.12256128064 0.019753200488888387
0.12356178089 0.01978560319971572
0.124562281141 0.02017273876396747
0.125562781391 0.020215600136927053
0.126563281641 0.02027242698220737
0.127563781891 0.020209436851582295
0.128564282141 0.020130689600310007
0.129564782391 0.02010329206441079
0.130565282641 0.020130036992209308
0.131565782891 0.020144792608952963
0.132566283142 0.02020075604097946
0.133566783392 0.020118001114162485
0.134567283642 0.02012039096623949
0.135567783892 0.02014473995501857
0.136568284142 0.02018994869728538
0.137568784392 0.02168103983573514
0.138569284642 0.02815721701486627
0.139569784892 0.0281284416402445
0.140570285143 0.027483198962238782
0.141570785393 0.027894618703312574
0.142571285643 0.028500334810498424
0.143571785893 0.028671007047273815
0.144572286143 0.028284907118300215
0.145572786393 0.0280835209384718
0.146573286643 0.02802500579795138
0.147573786893 0.028167404560341072
0.148574287144 0.02832400280215358
0.149574787394 0.028525572870322147
0.150575287644 0.028727275332051827
0.151575787894 0.028844245065513183
0.152576288144 0.029108368565835954
0.153576788394 0.029039430540530355
0.154577288644 0.028955856434109046
0.155577788894 0.030652126089720375
0.156578289145 0.031419014970555346
0.157578789395 0.031153214224383278
0.158579289645 0.03144453781894714
0.159579789895 0.031630730353811316
0.160580290145 0.03204048675334101
0.161580790395 0.03148349784372875
0.162581290645 0.031179512354309578
0.163581790895 0.031008855977898528
0.164582291146 0.03084729257828706
0.165582791396 0.03082211823610008
0.166583291646 0.030821486192124728
0.167583791896 0.030877880224981738
0.168584292146 0.0309542640606987
0.169584792396 0.03094516213891373
0.170585292646 0.030793059734669562
0.171585792896 0.03073651962254679
0.172586293147 0.03078268541495179
0.173586793397 0.030875521221514116
0.174587293647 0.030989463939055033
0.175587793897 0.031129893642954647
0.176588294147 0.031071891051443666
0.177588794397 0.030997389615617002
0.178589294647 0.03092554330703282
0.179589794897 0.030928312261104984
0.180590295148 0.030854039170946024
0.181590795398 0.03078274795902831
0.182591295648 0.030698230421013925
0.183591795898 0.030889566306998833
0.184592296148 0.030936283557484203
0.185592796398 0.031012664451974196
0.186593296648 0.031070295362638275
0.187593796898 0.031176019262909343
0.188594297149 0.03124727185279821
0.189594797399 0.031210142430141686
0.190595297649 0.031607149138050177
0.191595797899 0.03167663662606982
0.192596298149 0.03187416709499473
0.193596798399 0.032883291635914774
0.194597298649 0.03427131871716979
0.195597798899 0.06184636337386319
0.19659829915 0.06623858912632109
0.1975987994 0.05863418489023946
0.19859929965 0.05308020314861908
0.1995997999 0.05286173119058165
0.20060030015 0.05326688311563719
0.2016008004 0.05315964710423205
0.20260130065 0.05105530100924933
0.2036018009 0.050457631991406945
0.204602301151 0.05031357523399199
0.205602801401 0.050334727890946236
0.206603301651 0.0506347610680606
0.207603801901 0.051506017425033725
0.208604302151 0.05092514270413187
0.209604802401 0.05034925148207479
0.210605302651 0.049908756029403534
0.211605802901 0.04979417875456125
0.212606303152 0.049658785623452675
0.213606803402 0.049474315187346254
0.214607303652 0.04947303928901721
0.215607803902 0.04949023824717082
0.216608304152 0.0495855272824123
0.217608804402 0.04971411088318798
0.218609304652 0.04965299286357685
0.219609804902 0.049414324178921935
0.220610305153 0.049029911216866395
0.221610805403 0.048934480079225816
0.222611305653 0.04884227248526231
0.223611805903 0.048846773428391915
0.224612306153 0.04896317927878041
0.225612806403 0.04913093038950904
0.226613306653 0.049306059792350955
0.227613806903 0.04946238916192859
0.228614307154 0.04967219719034517
0.229614807404 0.049742322360723415
0.230615307654 0.04969133786794577
0.231615807904 0.04950390549961812
0.232616308154 0.04915009600530059
0.233616808404 0.04877028749347335
0.234617308654 0.04848488275266356
0.235617808904 0.048361429553051956
0.236618309155 0.048262813097007896
0.237618809405 0.0480896227487056
0.238619309655 0.04801504132110868
0.239619809905 0.04800413011493107
0.240620310155 0.048033028376445165
0.241620810405 0.04803771462778017
0.242621310655 0.048056568624543036
0.243621810905 0.04807502282546381
0.244622311156 0.048041058462716994
0.245622811406 0.04799232635416696
0.246623311656 0.04793878211215816
0.247623811906 0.047858329356255946
0.248624312156 0.0478502667777376
0.249624812406 0.04770476561514172
0.250625312656 0.04765421689211629
0.251625812906 0.04742423387125107
0.252626313157 0.04733465678352124
0.253626813407 0.04728894874715165
0.254627313657 0.04712569626525758
0.255627813907 0.04698835713958695
0.256628314157 0.04693508425438211
0.257628814407 0.04687437485744985
0.258629314657 0.046864915396159626
0.259629814907 0.04687417392937622
0.260630315158 0.04685600147209286
0.261630815408 0.04685286330528504
0.262631315658 0.04685887176276285
0.263631815908 0.04687866993710957
0.264632316158 0.04688944139435771
0.265632816408 0.046938081787720916
0.266633316658 0.046967395722382815
0.267633816908 0.04696663049467376
0.268634317159 0.04697105891378433
0.269634817409 0.04692907572417196
0.270635317659 0.04686356869707616
0.271635817909 0.046822404688237826
0.272636318159 0.04693085747267288
0.273636818409 0.047027453612656624
0.274637318659 0.0479455592866959
0.275637818909 0.047906028865907876
0.27663831916 0.04805593819552688
0.27763881941 0.04774989115589836
0.27863931966 0.04802728236169185
0.27963981991 0.04831555027567671
0.28064032016 0.04867219061979182
0.28164082041 0.04893131366346665
0.28264132066 0.04899935111343719
0.28364182091 0.04906126272503238
0.284642321161 0.049118055950481215
0.285642821411 0.04925065461111664
0.286643321661 0.04938556551057095
0.287643821911 0.04938372709738757
0.288644322161 0.049477530007859434
0.289644822411 0.049597841474752186
0.290645322661 0.04969846568789396
0.291645822911 0.04977393538479984
0.292646323162 0.04987063544086278
0.293646823412 0.049965555388873845
0.294647323662 0.05002014003508356
0.295647823912 0.0501079478699976
0.296648324162 0.05022478249598444
0.297648824412 0.05043220155516326
0.298649324662 0.050415837825062815
0.299649824912 0.050708796344936094
0.300650325163 0.05086351415518112
0.301650825413 0.05143597825687399
0.302651325663 0.052374048901553276
0.303651825913 0.055963260497974586
0.304652326163 0.05257788280078324
0.305652826413 0.05286770693066399
0.306653326663 0.053163791101967825
0.307653826913 0.0534909136879293
0.308654327164 0.05382207116400668
0.309654827414 0.05399704990882996
0.310655327664 0.05424798015001391
0.311655827914 0.05458659994781294
0.312656328164 0.05508107325582794
0.313656828414 0.05497166236712957
0.314657328664 0.05512454666371656
0.315657828914 0.055288488217497246
0.316658329165 0.05569468921748794
0.317658829415 0.056108574565307046
0.318659329665 0.05645320772729698
0.319659829915 0.05707441613163307
0.320660330165 0.05752032538957594
0.321660830415 0.05761658044543426
0.322661330665 0.05775651343407894
0.323661830915 0.05795031854150172
0.324662331166 0.05871546080769747
0.325662831416 0.059474639882335645
0.326663331666 0.059124504565010755
0.327663831916 0.059396672156403624
0.328664332166 0.060570027107331365
0.329664832416 0.06123213523275162
0.330665332666 0.0612064118360769
0.331665832916 0.06135415590104375
0.332666333167 0.06175772720201621
0.333666833417 0.061690400566244016
0.334667333667 0.061566044390098565
0.335667833917 0.061437244330981515
0.336668334167 0.06182899992176293
0.337668834417 0.06227687240270227
0.338669334667 0.06365288372671712
0.339669834917 0.06495215152219962
0.340670335168 0.0662629211472018
0.341670835418 0.07023700402087144
0.342671335668 0.0679772695656925
0.343671835918 0.06660837587630108
0.344672336168 0.06566452578266145
0.345672836418 0.06478276573015898
0.346673336668 0.06408296410109413
0.347673836918 0.0639144951835221
0.348674337169 0.06415653207963862
0.349674837419 0.06440253647714392
0.350675337669 0.06487880649324153
0.351675837919 0.06516308018977854
0.352676338169 0.0643241765866283
0.353676838419 0.06457835506903944
0.354677338669 0.06506157470427285
0.355677838919 0.06560744885502531
0.35667833917 0.0668243604311339
0.35767883942 0.06590574423304718
0.35867933967 0.06595125077471817
0.35967983992 0.06583757281987963
0.36068034017 0.06595314136314422
0.36168084042 0.06591284216171643
0.36268134067 0.06596557442422733
0.36368184092 0.06623614930101374
0.364682341171 0.06647893705494534
0.365682841421 0.06672723004466292
0.366683341671 0.06646993830832433
0.367683841921 0.06654065873065548
0.368684342171 0.06665551908689954
0.369684842421 0.06669467046097233
0.370685342671 0.0667777009963154
0.371685842921 0.06715842186021144
0.372686343172 0.06738960651041957
0.373686843422 0.06764040148496246
0.374687343672 0.06770824581955583
0.375687843922 0.06770372999192248
0.376688344172 0.06774763193545709
0.377688844422 0.06781902241268592
0.378689344672 0.06791797960658871
0.379689844922 0.06808614100624637
0.380690345173 0.06830980147538046
0.381690845423 0.06849353552337213
0.382691345673 0.0686756258290307
0.383691845923 0.06894002119455885
0.384692346173 0.06919922779719358
0.385692846423 0.07025951023674715
0.386693346673 0.07155593057342895
0.387693846923 0.07307769452131854
0.388694347174 0.07709428388403301
0.389694847424 0.07494234054504362
0.390695347674 0.07486500802858995
0.391695847924 0.07581403310552945
0.392696348174 0.07659799322558429
0.393696848424 0.07627758518803623
0.394697348674 0.0766296657462587
0.395697848924 0.07694858020282232
0.396698349175 0.07749874296484831
0.397698849425 0.07777818342949076
0.398699349675 0.07781561437047081
0.399699849925 0.07792517025724056
0.400700350175 0.07834668861312627
0.401700850425 0.07878967170822511
0.402701350675 0.07884827279650815
0.403701850925 0.07900229693657379
0.404702351176 0.0790117639123488
0.405702851426 0.07874148138480608
0.406703351676 0.07913418463178538
0.407703851926 0.07971250631836435
0.408704352176 0.07948058452374085
0.409704852426 0.07960783917262912
0.410705352676 0.07982999940378943
0.411705852926 0.0800845536859726
0.412706353177 0.08038948329886669
0.413706853427 0.08045505999764768
0.414707353677 0.0806131417939264
0.415707853927 0.08095323227601496
0.416708354177 0.08155313506159874
0.417708854427 0.08246992593591644
0.418709354677 0.08334404304708012
0.419709854927 0.0843427159133972
0.420710355178 0.08547395625682182
0.421710855428 0.08627261342470639
0.422711355678 0.0860136802583572
0.423711855928 0.08576930467236088
0.424712356178 0.08627176488657762
0.425712856428 0.08695483319441709
0.426713356678 0.08638142105100136
0.427713856928 0.08663578400321895
0.428714357179 0.08685198207711342
0.429714857429 0.08710701480975547
0.430715357679 0.08730337916157788
0.431715857929 0.08758734982221625
0.432716358179 0.08807134315411523
0.433716858429 0.08849378665014912
0.434717358679 0.08876413517174013
0.435717858929 0.08915577582110118
0.43671835918 0.08976088283692422
0.43771885943 0.08958311014866649
0.43871935968 0.08974121254814997
0.43971985993 0.09041963696062331
0.44072036018 0.09079190264607631
0.44172086043 0.09189798182705215
0.44272136068 0.09428197726570331
0.44372186093 0.09650372482076174
0.444722361181 0.09889320723276235
0.445722861431 0.10286530703753935
0.446723361681 0.10643063652148589
0.447723861931 0.10241707175035808
0.448724362181 0.10201636923694796
0.449724862431 0.1025902772260692
0.450725362681 0.10337571284760701
0.451725862931 0.10393460306130545
0.452726363182 0.10468604353941344
0.453726863432 0.10554681845097766
0.454727363682 0.10754048251746601
0.455727863932 0.10722183949601406
0.456728364182 0.10710726663674826
0.457728864432 0.10856918550898517
0.458729364682 0.10978286492968006
0.459729864932 0.11107451815122704
0.460730365183 0.11699113043157834
0.461730865433 0.11615248668964022
0.462731365683 0.11267088159180394
0.463731865933 0.11198203659541314
0.464732366183 0.11149414961872815
0.465732866433 0.11131688931528463
0.466733366683 0.11116268192635051
0.467733866933 0.11102830990114755
0.468734367184 0.11124121978585459
0.469734867434 0.11135979094730167
0.470735367684 0.11149849163595285
0.471735867934 0.11159930248009711
0.472736368184 0.11198008422214546
0.473736868434 0.11247033157126121
0.474737368684 0.11274641661685296
0.475737868934 0.11302160317664442
0.476738369185 0.11326959129760537
0.477738869435 0.11355933396336448
0.478739369685 0.1138989779702927
0.479739869935 0.11438219741884698
0.480740370185 0.11509127506632105
0.481740870435 0.11576911536787181
0.482741370685 0.11622891298321289
0.483741870935 0.11652086307506512
0.484742371186 0.11660631033998003
0.485742871436 0.11676520871765672
0.486743371686 0.11716196673659145
0.487743871936 0.11764705143373436
0.488744372186 0.11828282964253507
0.489744872436 0.11911734880040728
0.490745372686 0.12056053724840068
0.491745872936 0.12193938164047227
0.492746373187 0.12800680407937992
0.493746873437 0.13211431796206732
0.494747373687 0.13449127279758
0.495747873937 0.13678410184022724
0.496748374187 0.1403744755048667
0.497748874437 0.14221823219768587
0.498749374687 0.1428329160832431
0.499749874937 0.14391528684629312
0.500750375188 0.14541263207511962
0.501750875438 0.1468433940944633
0.502751375688 0.1482460943547231
0.503751875938 0.1501083424669861
0.504752376188 0.15213968273920012
0.505752876438 0.1541035033439855
0.506753376688 0.15623985136379404
0.507753876938 0.15771647319177037
0.508754377189 0.15866386104208124
0.509754877439 0.1594115695199982
0.510755377689 0.15952600514264748
0.511755877939 0.16016071373467103
0.512756378189 0.16021811024522575
0.513756878439 0.16065285609954236
0.514757378689 0.16127261232939122
0.515757878939 0.16176055103714992
0.51675837919 0.1619774947504717
0.51775887944 0.16263024096907652
0.51875937969 0.16442895807632568
0.51975987994 0.16624976955266768
0.52076038019 0.16931871709423107
0.52176088044 0.1754429366685091
0.52276138069 0.173113415896924
0.52376188094 0.17139171373958653
0.524762381191 0.16915369261373667
0.525762881441 0.16683053676138124
0.526763381691 0.16607131828653082
0.527763881941 0.16557575047656797
0.528764382191 0.16585405155600416
0.529764882441 0.1660561697656913
0.530765382691 0.1663590611438861
0.531765882941 0.16649730450786684
0.532766383192 0.16645661505886455
0.533766883442 0.16690249042596103
0.534767383692 0.1667834097006095
0.535767883942 0.16715316717216908
0.536768384192 0.1676626154055213
0.537768884442 0.16832136465137687
0.538769384692 0.16984557004047243
0.539769884942 0.16984161264604847
0.540770385193 0.17073533965708693
0.541770885443 0.17115041634116918
0.542771385693 0.1736425756373146
0.543771885943 0.17284540277920685
0.544772386193 0.1715024443101336
0.545772886443 0.17157447789297547
0.546773386693 0.1713884767889337
0.547773886943 0.17138731936636362
0.548774387194 0.1721578649996249
0.549774887444 0.1718233462436769
0.550775387694 0.1715019362101056
0.551775887944 0.1715372664503049
0.552776388194 0.1743131723900546
0.553776888444 0.17774755305769277
0.554777388694 0.1812801007548127
0.555777888944 0.190727807672231
0.556778389195 0.18409019360289344
0.557778889445 0.18766601043630166
0.558779389695 0.1879091568705445
0.559779889945 0.1919635925772455
0.560780390195 0.18911563882349508
0.561780890445 0.189637924652808
0.562781390695 0.19083436123140193
0.563781890945 0.19212522467255622
0.564782391196 0.19384517024258427
0.565782891446 0.19729745536002438
0.566783391696 0.19879255855841474
0.567783891946 0.20159631874812273
0.568784392196 0.20335244607057523
0.569784892446 0.2045634811078633
0.570785392696 0.204840805542526
0.571785892946 0.20479237994948563
0.572786393197 0.20424008096889792
0.573786893447 0.20406414242021068
0.574787393697 0.20439945167282284
0.575787893947 0.20556978949019925
0.576788394197 0.20697627914538957
0.577788894447 0.2085900170295327
0.578789394697 0.21135547935781446
0.579789894947 0.21057719689738627
0.580790395198 0.2112728320335755
0.581790895448 0.21535175972632148
0.582791395698 0.2149187333587143
0.583791895948 0.21816834305672766
0.584792396198 0.2219944879603748
0.585792896448 0.2212099694416341
0.586793396698 0.22360930100845458
0.587793896948 0.22586074592676994
0.588794397199 0.2263337252603127
0.589794897449 0.22881119765452707
0.590795397699 0.23299325387999548
0.591795897949 0.23371679665962714
0.592796398199 0.23623574871587924
0.593796898449 0.2422491883923349
0.594797398699 0.24235309439061836
0.595797898949 0.24471219742293654
0.5967983992 0.2480973636952965
0.59779889945 0.24905229741048662
0.5987993997 0.2531324289022824
0.59979989995 0.256549385505277
0.6008004002 0.2572061761679503
0.60180090045 0.2846907247185514
0.6028014007 0.3136829822175137
0.60380190095 0.3387877404125444
0.604802401201 0.3671675482010395
0.605802901451 0.38918035557057884
0.606803401701 0.4333042424832372
0.607803901951 0.4231841937427938
0.608804402201 0.397859597852779
0.609804902451 0.37168316971783255
0.610805402701 0.3659789361677115
0.611805902951 0.35818809237466115
0.612806403202 0.35104321785468523
0.613806903452 0.3527245377955185
0.614807403702 0.3519188972588497
0.615807903952 0.3514653529917559
0.616808404202 0.35196801147170176
0.617808904452 0.3511849438013031
0.618809404702 0.34998976122751724
0.619809904952 0.3553721527395068
0.620810405203 0.3677892763833349
0.621810905453 0.3636717715566562
0.622811405703 0.3576087844721638
0.623811905953 0.35017302416529367
0.624812406203 0.344906745279043
0.625812906453 0.3384465246134595
0.626813406703 0.33545119489469893
0.627813906953 0.3377005169975532
0.628814407204 0.3362872504057106
0.629814907454 0.33591934052478895
0.630815407704 0.3380097752643706
0.631815907954 0.3628020756086616
0.632816408204 0.344523739150227
0.633816908454 0.3457922277256939
0.634817408704 0.3348576130619014
0.635817908954 0.3325436355932373
0.636818409205 0.3309858186096828
0.637818909455 0.32879891551921436
0.638819409705 0.3261787764618641
0.639819909955 0.32387996622344567
0.640820410205 0.3235136596294455
0.641820910455 0.32221396672915237
0.642821410705 0.321522595924866
0.643821910955 0.32119686929540425
0.644822411206 0.3205095491104779
0.645822911456 0.3202911901111394
0.646823411706 0.32028070249009666
0.647823911956 0.32264853035644264
0.648824412206 0.3291119134678782
0.649824912456 0.3326541526459327
0.650825412706 0.33482153373304824
0.651825912956 0.33919243882513955
0.652826413207 0.34194940121860185
0.653826913457 0.34295613229321775
0.654827413707 0.3405002665310963
0.655827913957 0.3413950450662157
0.656828414207 0.3410131049183564
0.657828914457 0.3406368933040362
0.658829414707 0.34065114933104496
0.659829914957 0.34350770348528037
0.660830415208 0.34637522582467284
0.661830915458 0.34909353910996327
0.662831415708 0.35739190131220683
0.663831915958 0.3587470028747019
0.664832416208 0.3516791799058429
0.665832916458 0.35056632399673926
0.666833416708 0.3500232575410181
0.667833916958 0.35079264944705074
0.668834417209 0.3518721606650771
0.669834917459 0.3513989795342153
0.670835417709 0.3500523335237834
0.671835917959 0.35130205366784734
0.672836418209 0.3544902359426472
0.673836918459 0.35882065797012846
0.674837418709 0.3585385437215363
0.675837918959 0.35696718320355864
0.67683841921 0.35786873739932057
0.67783891946 0.3599640422884511
0.67883941971 0.3625948990085858
0.67983991996 0.36847045406032164
0.68084042021 0.369677427531393
0.68184092046 0.3777849009652702
0.68284142071 0.3853612483611788
0.68384192096 0.3926646501454019
0.684842421211 0.4002319197851248
0.685842921461 0.42035785739736353
0.686843421711 0.4220713921194306
0.687843921961 0.41271102645478025
0.688844422211 0.40061275912416505
0.689844922461 0.3931943486933065
0.690845422711 0.3906501424301177
0.691845922961 0.38961855201294016
0.692846423212 0.407073978388899
0.693846923462 0.40749575278261113
0.694847423712 0.40995129897639865
0.695847923962 0.408832404125686
0.696848424212 0.40594202112731004
0.697848924462 0.4060090135333043
0.698849424712 0.40678984124514267
0.699849924962 0.41002585794513824
0.700850425213 0.4270548443110787
0.701850925463 0.42271380593804575
0.702851425713 0.42688400185544806
0.703851925963 0.4287562225405279
0.704852426213 0.4254124619668125
0.705852926463 0.42480901393811965
0.706853426713 0.42816850247182375
0.707853926963 0.4297770236449352
0.708854427214 0.44339039847837924
0.709854927464 0.44601176115749086
0.710855427714 0.44626149809127796
0.711855927964 0.4476014183060237
0.712856428214 0.45159130864826835
0.713856928464 0.45657092123327714
0.714857428714 0.45347824442211465
0.715857928964 0.45679870060108263
0.716858429215 0.4507479835967888
0.717858929465 0.45073335002016446
0.718859429715 0.44988817215137444
0.719859929965 0.4488852154406923
0.720860430215 0.4474780598827694
0.721860930465 0.4484527995761887
0.722861430715 0.4463983326634994
0.723861930965 0.44656600604751695
0.724862431216 0.4465633814383245
0.725862931466 0.4482410501021994
0.726863431716 0.4495815396284867
0.727863931966 0.4515322846213196
0.728864432216 0.45377390662361594
0.729864932466 0.45594533654353797
0.730865432716 0.45764325221850605
0.731865932966 0.4567771769461846
0.732866433217 0.4587942961634914
0.733866933467 0.46027201306696086
0.734867433717 0.4637219819021778
0.735867933967 0.4645696542870709
0.736868434217 0.4660982359626702
0.737868934467 0.4678869135036907
0.738869434717 0.4701152736149441
0.739869934967 0.4718027645374457
0.740870435218 0.4757124409191897
0.741870935468 0.4764570699978384
0.742871435718 0.4782009610008737
0.743871935968 0.48577914672859157
0.744872436218 0.4908564593276437
0.745872936468 0.48700773567347916
0.746873436718 0.4939809390217002
0.747873936968 0.5014426249762975
0.748874437219 0.5055722892231357
0.749874937469 0.5026922233499184
0.750875437719 0.5061826083951678
0.751875937969 0.5079026789106853
0.752876438219 0.5065680889013714
0.753876938469 0.5088347098536731
0.754877438719 0.5107968446517948
0.755877938969 0.5118734558401461
0.75687843922 0.5145097017931372
0.75787893947 0.5157843087740148
0.75887943972 0.5156884393635284
0.75987993997 0.5170990953270705
0.76088044022 0.5196478664308187
0.76188094047 0.5236003138421853
0.76288144072 0.5286980963627929
0.76388194097 0.5400727317154694
0.764882441221 0.5377460877801615
0.765882941471 0.5350818113719561
0.766883441721 0.5367756986193951
0.767883941971 0.5380776715330061
0.768884442221 0.5459627084990688
0.769884942471 0.5454293998943298
0.770885442721 0.615283884049519
0.771885942971 0.5926684813881988
0.772886443222 0.5997688993637257
0.773886943472 0.6053356767051443
0.774887443722 0.587646537142993
0.775887943972 0.5878092887242148
0.776888444222 0.5915742345105949
0.777888944472 0.5640100532042195
0.778889444722 0.554403218421244
0.779889944972 0.556549711842887
0.780890445223 0.5601513804500385
0.781890945473 0.5617855788106902
0.782891445723 0.5528845745685388
0.783891945973 0.5527906904032349
0.784892446223 0.5549404180351917
0.785892946473 0.5469836669536255
0.786893446723 0.5438569480643808
0.787893946973 0.5449153068005084
0.788894447224 0.5476593950991603
0.789894947474 0.5500580769940943
0.790895447724 0.5536761212908565
0.791895947974 0.5636668795575343
0.792896448224 0.5606396766142078
0.793896948474 0.5682262327480314
0.794897448724 0.5651899924469099
0.795897948974 0.5746415514206166
0.796898449225 0.582805327813216
0.797898949475 0.5960334206305137
0.798899449725 0.6148496830087411
0.799899949975 0.594318037698395
0.800900450225 0.5909900179814533
0.801900950475 0.5869360377953435
0.802901450725 0.5796644708414028
0.803901950975 0.5811138866172573
0.804902451226 0.5831954194288993
0.805902951476 0.5878262470328893
0.806903451726 0.5927695755343766
0.807903951976 0.5919179458625189
0.808904452226 0.5969508261156244
0.809904952476 0.6034818511200519
0.810905452726 0.6149714768224684
0.811905952976 0.6081859494481505
0.812906453227 0.6053638828398584
0.813906953477 0.5884318642002804
0.814907453727 0.5682622514912401
0.815907953977 0.5522461703935856
0.816908454227 0.5466304097052362
0.817908954477 0.5316445954254242
0.818909454727 0.5290331991957224
0.819909954977 0.5319538633011668
0.820910455228 0.5343620718807454
0.821910955478 0.5323886979613294
0.822911455728 0.5369506197620875
0.823911955978 0.5407892106154019
0.824912456228 0.5554775803822726
0.825912956478 0.5340231916586562
0.826913456728 0.5325026920161476
0.827913956978 0.5294507837580489
0.828914457229 0.5288832053814323
0.829914957479 0.5300360874054831
0.830915457729 0.530878921191432
0.831915957979 0.5323876036409576
0.832916458229 0.5322510499535215
0.833916958479 0.5356745910403272
0.834917458729 0.5393519233543356
0.835917958979 0.5398454530171822
0.83691845923 0.5423265032252896
0.83791895948 0.5393164295270496
0.83891945973 0.5459106484020166
0.83991995998 0.5666080540040442
0.84092046023 0.5653331816599527
0.84192096048 0.5662429221500807
0.84292146073 0.5724751163607337
0.84392196098 0.5790808176202173
0.844922461231 0.5821401408633634
0.845922961481 0.5838497485069456
0.846923461731 0.5862968655609475
0.847923961981 0.5891520851227409
0.848924462231 0.5930864054217124
0.849924962481 0.596848517226195
0.850925462731 0.6035224362662124
0.851925962981 0.609743083436535
0.852926463232 0.6213272066073896
0.853926963482 0.6218673955942376
0.854927463732 0.6244671463604603
0.855927963982 0.628125390697462
0.856928464232 0.6348736322155732
0.857928964482 0.6422222933740573
0.858929464732 0.6516135248689636
0.859929964982 0.6641326093780107
0.860930465233 0.6750592774252668
0.861930965483 0.6854320415383994
0.862931465733 0.7029627387307361
0.863931965983 0.7049432166337959
0.864932466233 0.7211828900928443
0.865932966483 0.7357737443889284
0.866933466733 0.750852832373369
0.867933966983 0.7620914208324475
0.868934467234 0.7779913854908519
0.869934967484 0.8070358200945789
0.870935467734 0.8326996513415122
0.871935967984 0.8656982958780352
0.872936468234 0.9394738034177448
0.873936968484 1.011057595333031
0.874937468734 1.1660355568200051
0.875937968984 1.137571528424485
0.876938469235 0.7914297424707796
0.877938969485 0.7271770276336844
0.878939469735 0.6994127236990927
0.879939969985 0.6868473489180563
0.880940470235 0.6792960137190648
0.881940970485 0.6743013779830382
0.882941470735 0.670154987155323
0.883941970985 0.6716353660736541
0.884942471236 0.6720044796821786
0.885942971486 0.6752076449939776
0.886943471736 0.6810306632288526
0.887943971986 0.6877821798252217
0.888944472236 0.7002759823947371
0.889944972486 0.7079167043185388
0.890945472736 0.736210949051269
0.891945972986 0.7693460334042876
0.892946473237 0.7969572088098273
0.893946973487 0.8305871059260537
0.894947473737 0.8606941648072124
0.895947973987 0.8847407223367365
0.896948474237 0.9283395479653874
0.897948974487 1.0144829190484481
0.898949474737 1.100439940050741
0.899949974987 1.0439436931156223
0.900950475238 0.9586096510707883
0.901950975488 0.9188605340064577
0.902951475738 0.9011856298671816
0.903951975988 0.8786709667275817
0.904952476238 0.8712703932063663
0.905952976488 0.8572836463450699
0.906953476738 0.8602808359257448
0.907953976988 0.8685839959858871
0.908954477239 0.8870711114544324
0.909954977489 0.8246592782425932
0.910955477739 0.8068420798184791
0.911955977989 0.7830516283313962
0.912956478239 0.767084437475314
0.913956978489 0.7551319506108165
0.914957478739 0.7311977382972432
0.915957978989 0.7461488045543159
0.91695847924 0.6865098294560926
0.91795897949 0.6875720670568665
0.91895947974 0.7344346746399415
0.91995997999 0.9146895345974069
0.92096048024 1.023718140556344
0.92196098049 1.0430697785526344
0.92296148074 0.8776244339723087
0.92396198099 0.7382837752747285
0.924962481241 0.6952942091288178
0.925962981491 0.6534116178969042
0.926963481741 0.6235125049837981
0.927963981991 0.6079330186265638
0.928964482241 0.5993862279718979
0.929964982491 0.5943652899843223
0.930965482741 0.5528133566720104
0.931965982991 0.5387878865208638
0.932966483242 0.532947096637773
0.933966983492 0.5259334782043139
0.934967483742 0.5232847508641634
0.935967983992 0.5185237953261536
0.936968484242 0.525168913347345
0.937968984492 0.5212740577167811
0.938969484742 0.5168368905166314
0.939969984992 0.5120756120286892
0.940970485243 0.5113000251791837
0.941970985493 0.5068136731680158
0.942971485743 0.5044176235183306
0.943971985993 0.5024713166813054
0.944972486243 0.5005452383068894
0.945972986493 0.4962591855192491
0.946973486743 0.4936416385451339
0.947973986993 0.4898557985668017
0.948974487244 0.4867724094709184
0.949974987494 0.4844296825226075
0.950975487744 0.4826411808449024
0.951975987994 0.4803396151606843
0.952976488244 0.4772908501651434
0.953976988494 0.4745442425931668
0.954977488744 0.47327687638479604
0.955977988994 0.47256427415380253
0.956978489245 0.47415141966661867
0.957978989495 0.47442827028331025
0.958979489745 0.4767865186535599
0.959979989995 0.4799503171213074
0.960980490245 0.48315579633741723
0.961980990495 0.49239114927590605
0.962981490745 0.520119179695399
0.963981990995 0.6111363492799713
0.964982491246 0.6352724773686952
0.965982991496 0.6557686824374903
0.966983491746 0.6785034443951748
0.967983991996 0.7251041697050075
0.968984492246 0.7726540411614293
0.969984992496 0.7427717568131292
0.970985492746 0.7715458063425998
0.971985992996 0.7155814237796797
0.972986493247 0.7073635830300273
0.973986993497 0.6869018339885927
0.974987493747 0.7045322392114444
0.975987993997 0.6881059772164987
0.976988494247 0.6237192989053619
0.977988994497 0.6063861999169566
0.978989494747 0.5793296017838505
0.979989994997 0.5762685272563777
0.980990495248 0.5682520049344654
0.981990995498 0.5601355336232436
0.982991495748 0.5575850799509762
0.983991995998 0.553376418072708
0.984992496248 0.5496824664525162
0.985992996498 0.5489054914661495
0.986993496748 0.5540503191037093
0.987993996998 0.5549702892988246
0.988994497249 0.5547393791312958
0.989994997499 0.5578965894459651
0.990995497749 0.5645536075171804
0.991995997999 0.5729427416262448
0.992996498249 0.584222172496262
0.993996998499 0.6108959432454255
0.994997498749 0.5790996676107223
0.995997999 0.5697661571940752
0.99699849925 0.5702189534230507
0.9979989995 0.569963420289467
0.99899949975 0.5729197074393934
1.0 0.5544558564901512
