-1.0 0.878094547267263
-0.99899949975 0.8736350199086204
-0.9979989995 0.8750348472756129
-0.99699849925 0.9070442296985661
-0.995997999 0.9023107696470406
-0.994997498749 0.9057491471387915
-0.993996998499 0.9023800456172391
-0.992996498249 0.9294581076441123
-0.991995997999 0.9852973406219449
-0.990995497749 0.9360627063044159
-0.989994997499 0.9263235059125997
-0.988994497249 0.9438722249820435
-0.987993996998 0.9286281706171096
-0.986993496748 0.9144367010818204
-0.985992996498 0.9214536094213246
-0.984992496248 0.9181922942729308
-0.983991995998 0.9256536285674719
-0.982991495748 0.8535684459619954
-0.981990995498 0.8468432594110464
-0.980990495248 0.8431244650975688
-0.979989994997 0.842528612931677
-0.978989494747 0.8358902522541771
-0.977988994497 0.8300783011317928
-0.976988494247 0.8265569516118457
-0.975987993997 0.8242139769551783
-0.974987493747 0.8246991801242787
-0.973986993497 0.8225019099125834
-0.972986493247 1.03596899802202
-0.971985992996 1.2206231871696223
-0.970985492746 1.162585381644236
-0.969984992496 1.1686955882945933
-0.968984492246 1.1373878269757751
-0.967983991996 1.2594259408362147
-0.966983491746 1.257942123951329
-0.965982991496 1.2427386400837288
-0.964982491246 1.1937807942538212
-0.963981990995 1.1955461450031286
-0.962981490745 1.201371569080369
-0.961980990495 1.2090102312126725
-0.960980490245 1.2134107050187608
-0.959979989995 1.2153350113233325
-0.958979489745 1.2410732831231583
-0.957978989495 1.2686913102791657
-0.956978489245 1.279810121844788
-0.955977988994 1.3309971688719109
-0.954977488744 1.2722476067541695
-0.953976988494 1.2603752158281247
-0.952976488244 1.2432652249292973
-0.951975987994 1.2538843491097404
-0.950975487744 1.2282657268296002
-0.949974987494 1.195326664959193
-0.948974487244 1.1702376215514996
-0.947973986993 1.1514426386700913
-0.946973486743 1.126028220901032
-0.945972986493 1.106680296854629
-0.944972486243 1.0871394346390417
-0.943971985993 1.069752922110676
-0.942971485743 1.0572594832010451
-0.941970985493 1.0472465262743742
-0.940970485243 1.0318718924366872
-0.939969984992 1.0195131320518487
-0.938969484742 1.0086172780190226
-0.937968984492 0.9987953115555024
-0.936968484242 0.991994019810306
-0.935967983992 1.159315475697342
-0.934967483742 1.1320274377642245
-0.933966983492 1.1574782958177559
-0.932966483242 1.2531816788909698
-0.931965982991 1.2172764713955508
-0.930965482741 1.1749099360947375
-0.929964982491 1.1642731933685444
-0.928964482241 1.2603216288022667
-0.927963981991 1.1202216599915438
-0.926963481741 1.0768677659848707
-0.925962981491 1.0524132469385696
-0.924962481241 1.0294375744202053
-0.92396198099 1.015760060152731
-0.92296148074 1.0132066877503079
-0.92196098049 1.0061092377342524
-0.92096048024 1.0019159307647385
-0.91995997999 1.0038941643771655
-0.91895947974 1.0049950779985841
-0.91795897949 1.136645524612286
-0.91695847924 1.1350120955482366
-0.915957978989 1.1068796598086637
-0.914957478739 1.0887553886221701
-0.913956978489 1.0867053444625276
-0.912956478239 1.0845054573136095
-0.911955977989 1.0506923447356626
-0.910955477739 0.9731247547484602
-0.909954977489 0.9821922179258146
-0.908954477239 0.8874754304526021
-0.907953976988 0.8647764367094712
-0.906953476738 0.8580415213863902
-0.905952976488 0.8460652140321556
-0.904952476238 0.8393610855597966
-0.903951975988 0.831215141559969
-0.902951475738 0.8248822418359589
-0.901950975488 0.8564152958261818
-0.900950475238 0.8950610683948205
-0.899949974987 1.1140205026590617
-0.898949474737 0.9014712817377499
-0.897948974487 0.8712343981684149
-0.896948474237 0.8577604995215385
-0.895947973987 0.8474384246192823
-0.894947473737 0.867952018173735
-0.893946973487 0.8985619064566713
-0.892946473237 0.9387985639835273
-0.891945972986 0.9263312461116238
-0.890945472736 0.9373693545655714
-0.889944972486 0.9485123619685937
-0.888944472236 0.935096990032123
-0.887943971986 0.926431643600578
-0.886943471736 0.9263711406033992
-0.885942971486 0.9402719449078878
-0.884942471236 0.9462351043813122
-0.883941970985 0.9662073159486778
-0.882941470735 0.988981261511338
-0.881940970485 0.9602503870530994
-0.880940470235 0.9825911150211886
-0.879939969985 1.0110984288569451
-0.878939469735 1.005205176562429
-0.877938969485 1.0069087250754014
-0.876938469235 1.0261275241536294
-0.875937968984 0.9947006228597157
-0.874937468734 1.0000264432647075
-0.873936968484 0.9786772331977741
-0.872936468234 1.0051287002484561
-0.871935967984 1.0046405464421049
-0.870935467734 0.9969162848099545
-0.869934967484 0.993587869474228
-0.868934467234 0.9927925721799279
-0.867933966983 1.023158883437927
-0.866933466733 0.9866225105602724
-0.865932966483 0.9773610203647571
-0.864932466233 0.980148039362709
-0.863931965983 0.9926808537060274
-0.862931465733 1.013021152220365
-0.861930965483 1.0246440611347012
-0.860930465233 1.0405168787128258
-0.859929964982 0.9955870365614413
-0.858929464732 0.9770486950373561
-0.857928964482 0.9635768664425263
-0.856928464232 0.9683865400350274
-0.855927963982 0.9535949834310614
-0.854927463732 0.9481039499920934
-0.853926963482 0.9415363041155537
-0.852926463232 0.9451439907142073
-0.851925962981 0.9424406520693084
-0.850925462731 0.9374826766141997
-0.849924962481 0.9510680576782694
-0.848924462231 0.9467842290215799
-0.847923961981 0.8849231721666214
-0.846923461731 0.8641122478821806
-0.845922961481 0.8543373215740127
-0.844922461231 0.8480390992529784
-0.84392196098 0.8377193566366012
-0.84292146073 0.8319484562072057
-0.84192096048 0.8289697311515964
-0.84092046023 0.8237131304539784
-0.83991995998 0.8198101382840077
-0.83891945973 0.8019460645411326
-0.83791895948 0.802429419768153
-0.83691845923 0.8050941041881085
-0.835917958979 0.7879497099148892
-0.834917458729 0.7946431180128245
-0.833916958479 0.7948307758791291
-0.832916458229 0.7933975115251598
-0.831915957979 0.7894166978821076
-0.830915457729 0.789534910472275
-0.829914957479 0.8232689934394893
-0.828914457229 0.8290003193319514
-0.827913956978 0.824740838590103
-0.826913456728 0.8491892819084967
-0.825912956478 0.8550842479024777
-0.824912456228 0.8589281302152336
-0.823911955978 0.9564217858880409
-0.822911455728 0.9807355348430751
-0.821910955478 1.0002583431030627
-0.820910455228 1.0195428962826434
-0.819909954977 1.0008138849877606
-0.818909454727 1.016383207372185
-0.817908954477 1.0067702150326983
-0.816908454227 0.9875724403926927
-0.815907953977 0.9882808506059262
-0.814907453727 0.9821080309488069
-0.813906953477 0.9921214562134998
-0.812906453227 0.9999733154040166
-0.811905952976 0.981225542401536
-0.810905452726 0.976581363121493
-0.809904952476 0.9746687456578216
-0.808904452226 0.9735889671169378
-0.807903951976 0.9793705021550353
-0.806903451726 0.9778431559829849
-0.805902951476 0.9864471463566336
-0.804902451226 0.9765747599244544
-0.803901950975 0.9740785346572666
-0.802901450725 0.9745457144116721
-0.801900950475 0.9778134240265016
-0.800900450225 0.9910628918476847
-0.799899949975 0.9755424328345086
-0.798899449725 0.9736474796290587
-0.797898949475 0.9647383829292516
-0.796898449225 0.9630217018194035
-0.795897948974 0.9720846834072387
-0.794897448724 0.969470138223494
-0.793896948474 0.955978318269549
-0.792896448224 0.9362815241778206
-0.791895947974 0.936491713256544
-0.790895447724 0.9374106283157175
-0.789894947474 0.8540615691909239
-0.788894447224 0.8516418680080722
-0.787893946973 0.8490760257997875
-0.786893446723 0.8459075226922849
-0.785892946473 0.8462749605397552
-0.784892446223 0.8439158045061261
-0.783891945973 0.8448193140247972
-0.782891445723 0.8408901033279402
-0.781890945473 0.8334071601417574
-0.780890445223 0.8293118460123665
-0.779889944972 0.82625592870331
-0.778889444722 0.8229490286216666
-0.777888944472 0.8194150972378946
-0.776888444222 0.817863895751048
-0.775887943972 0.8143230829372906
-0.774887443722 0.8148611664957953
-0.773886943472 0.8377577858765495
-0.772886443222 0.8488088339192293
-0.771885942971 0.8509047316096624
-0.770885442721 0.8579076457354708
-0.769884942471 0.8560223993626881
-0.768884442221 0.8589491452664619
-0.767883941971 0.8672334985628035
-0.766883441721 0.865172850312461
-0.765882941471 0.8699757215542042
-0.764882441221 0.8729936352310234
-0.76388194097 0.8881756825601721
-0.76288144072 0.8836785789871271
-0.76188094047 0.8856793349315767
-0.76088044022 0.8922341614813579
-0.75987993997 0.9032090701535587
-0.75887943972 0.9162845105601621
-0.75787893947 0.9609622398448907
-0.75687843922 0.9416317850820188
-0.755877938969 0.9308391858448001
-0.754877438719 0.9338551021792576
-0.753876938469 0.9163232928346986
-0.752876438219 0.9079891370356551
-0.751875937969 0.9062643716864943
-0.750875437719 0.9084494293658887
-0.749874937469 0.9076877229720126
-0.748874437219 0.9043813859850244
-0.747873936968 0.898299297313918
-0.746873436718 0.8930493564969456
-0.745872936468 0.8896606922801005
-0.744872436218 0.8893108715879423
-0.743871935968 0.8875577543383858
-0.742871435718 0.8865919924970485
-0.741870935468 0.9287063987795828
-0.740870435218 0.9360013693640734
-0.739869934967 0.9459711729616292
-0.738869434717 0.9634968696922582
-0.737868934467 0.9885993351283818
-0.736868434217 0.9389160649109082
-0.735867933967 0.9175258992345915
-0.734867433717 0.9089913037745442
-0.733866933467 0.9043271877467253
-0.732866433217 0.8968125749115001
-0.731865932966 0.8937818060580545
-0.730865432716 0.8920303934638593
-0.729864932466 0.8904416577462579
-0.728864432216 0.8874291478850229
-0.727863931966 0.8890520959489479
-0.726863431716 0.8861266750521242
-0.725862931466 0.881765565041431
-0.724862431216 0.8749959003823861
-0.723861930965 0.875071199462603
-0.722861430715 0.8741874836202684
-0.721860930465 0.8740317119156986
-0.720860430215 0.8726537792734652
-0.719859929965 0.8722370622313336
-0.718859429715 0.8723175924443257
-0.717858929465 0.8713195440338358
-0.716858429215 0.8707527799910098
-0.715857928964 0.8705048686886043
-0.714857428714 0.8711109639546177
-0.713856928464 0.869985779429825
-0.712856428214 0.868183323467973
-0.711855927964 0.8650891895572488
-0.710855427714 0.8618707860859567
-0.709854927464 0.8580422464937646
-0.708854427214 0.854859603045647
-0.707853926963 0.8516149317163947
-0.706853426713 0.8502776274754906
-0.705852926463 0.8484654204245022
-0.704852426213 0.8450794331369954
-0.703851925963 0.8392248049957153
-0.702851425713 0.8328409595261457
-0.701850925463 0.828621545237097
-0.700850425213 0.8259374456762515
-0.699849924962 0.8230947683150266
-0.698849424712 0.8201748068751513
-0.697848924462 0.8160374760663297
-0.696848424212 0.8113507480883865
-0.695847923962 0.8086857461444029
-0.694847423712 0.8067277044812053
-0.693846923462 0.8022773416753181
-0.692846423212 0.7984061320658585
-0.691845922961 0.7970328806080007
-0.690845422711 0.7913311744464016
-0.689844922461 0.7859754539332388
-0.688844422211 0.7429114641439769
-0.687843921961 0.7392341511406559
-0.686843421711 0.7372350740592738
-0.685842921461 0.7365725111448397
-0.684842421211 0.7336696497376031
-0.68384192096 0.7298591688212863
-0.68284142071 0.7251086250702489
-0.68184092046 0.7201984062412713
-0.68084042021 0.7161565174154242
-0.67983991996 0.7350123483673723
-0.67883941971 0.7360909935637576
-0.67783891946 0.7356622476506209
-0.67683841921 0.727101970009891
-0.675837918959 0.7352597603874454
-0.674837418709 0.7353303968144805
-0.673836918459 0.7363424441569575
-0.672836418209 0.7388148573851254
-0.671835917959 0.7327426937188772
-0.670835417709 0.7268020685483314
-0.669834917459 0.7027389736345101
-0.668834417209 0.7009318316406732
-0.667833916958 0.7074835280398715
-0.666833416708 0.7221555814942904
-0.665832916458 0.7099256700172187
-0.664832416208 0.6984884691572045
-0.663831915958 0.6974431473043587
-0.662831415708 0.6920302031941957
-0.661830915458 0.690499675842993
-0.660830415208 0.6895462881517289
-0.659829914957 0.6895019231243175
-0.658829414707 0.6890700523056772
-0.657828914457 0.6895992517422352
-0.656828414207 0.6883249144807515
-0.655827913957 0.6893688525333107
-0.654827413707 0.6902037877095288
-0.653826913457 0.6919062792401645
-0.652826413207 0.6919212246436262
-0.651825912956 0.694826952735727
-0.650825412706 0.6958133911371839
-0.649824912456 0.6976185887997371
-0.648824412206 0.700464362954072
-0.647823911956 0.702844551093468
-0.646823411706 0.7069124050549606
-0.645822911456 0.7102884002987164
-0.644822411206 0.7145893782743946
-0.643821910955 0.7201434626845508
-0.642821410705 0.7264052132587133
-0.641820910455 0.7312640393228017
-0.640820410205 0.739208780666988
-0.639819909955 0.7460711510551923
-0.638819409705 0.7545626312444544
-0.637818909455 0.763143437828323
-0.636818409205 0.7772799552634568
-0.635817908954 0.7837043869069439
-0.634817408704 0.7945606428873287
-0.633816908454 0.8071675659298565
-0.632816408204 0.8031469724979629
-0.631815907954 0.811544359438041
-0.630815407704 0.8286236463776768
-0.629814907454 0.8414772534193545
-0.628814407204 0.8319052437877954
-0.627813906953 0.840418450180921
-0.626813406703 0.8834440530525624
-0.625812906453 0.8475828354889255
-0.624812406203 0.8230795152891347
-0.623811905953 0.8174483261786988
-0.622811405703 0.8190589833719396
-0.621810905453 0.8314050991759732
-0.620810405203 0.8405486959122181
-0.619809904952 0.8512806546687632
-0.618809404702 0.8518546015123276
-0.617808904452 0.8433092341173012
-0.616808404202 0.8414916891120217
-0.615807903952 0.843395399954442
-0.614807403702 0.8483738988581584
-0.613806903452 0.85889149671484
-0.612806403202 0.8679461190576855
-0.611805902951 0.8771992819869217
-0.610805402701 0.8927195329833074
-0.609804902451 0.9106127039244414
-0.608804402201 0.9280058786094691
-0.607803901951 0.9438398274332814
-0.606803401701 1.0325450139689483
-0.605802901451 0.8822613011025331
-0.604802401201 0.9073676770918565
-0.60380190095 0.9095560473067011
-0.6028014007 0.8990717999683855
-0.60180090045 0.9072381497157591
-0.6008004002 0.923922872794157
-0.59979989995 0.939322315873148
-0.5987993997 0.9719648085517549
-0.59779889945 0.9500507577721887
-0.5967983992 0.9101056733546314
-0.595797898949 0.8937772433549439
-0.594797398699 0.8807756936981139
-0.593796898449 0.8762359834712002
-0.592796398199 0.8798225668829321
-0.591795897949 0.8751234979582848
-0.590795397699 0.8759282181543736
-0.589794897449 0.8691360617214766
-0.588794397199 0.8756612795878052
-0.587793896948 0.8902497998308772
-0.586793396698 0.8900609559303344
-0.585792896448 0.8603410374548949
-0.584792396198 0.8568931695990587
-0.583791895948 0.8549384502577969
-0.582791395698 0.8627504893427633
-0.581790895448 0.8813056089991114
-0.580790395198 0.8939915341576752
-0.579789894947 0.8506657351892635
-0.578789394697 0.850409260812533
-0.577788894447 0.7719973828660472
-0.576788394197 0.7663756382231509
-0.575787893947 0.76053071591864
-0.574787393697 0.7594277126468267
-0.573786893447 0.7600782415398016
-0.572786393197 0.7603240146693154
-0.571785892946 0.759447360945388
-0.570785392696 0.7611325931074946
-0.569784892446 0.7612483015023254
-0.568784392196 0.762868482881826
-0.567783891946 0.7644767067026037
-0.566783391696 0.7700319727609813
-0.565782891446 0.7731762324466676
-0.564782391196 0.7754827052888902
-0.563781890945 0.77788439626236
-0.562781390695 0.7727690654726213
-0.561780890445 0.784101223680617
-0.560780390195 0.7665356490670281
-0.559779889945 0.9002950133638384
-0.558779389695 0.8831571281158532
-0.557778889445 0.8925324731265527
-0.556778389195 0.8898416259812014
-0.555777888944 0.8852260479975986
-0.554777388694 0.8852814080522293
-0.553776888444 0.8837792078419886
-0.552776388194 0.898331020357368
-0.551775887944 0.9023247299314564
-0.550775387694 0.9009981319798734
-0.549774887444 0.9025696919140034
-0.548774387194 0.9090628069082268
-0.547773886943 0.913726331915094
-0.546773386693 0.9215247404549167
-0.545772886443 0.9317144885089569
-0.544772386193 0.9582334024218779
-0.543771885943 0.9750306444956968
-0.542771385693 0.9475309253488305
-0.541770885443 0.9355710068188682
-0.540770385193 0.9513384265811248
-0.539769884942 0.9057312801942001
-0.538769384692 0.8901619710633697
-0.537768884442 0.8466523677149209
-0.536768384192 0.8337652431726412
-0.535767883942 0.8176402119933219
-0.534767383692 0.8111998827720986
-0.533766883442 0.8023171293036926
-0.532766383192 0.7983207128900479
-0.531765882941 0.7868347010693603
-0.530765382691 0.7842400941357007
-0.529764882441 0.7815078299280038
-0.528764382191 0.776378627354524
-0.527763881941 0.7818430392208853
-0.526763381691 0.7764745004694776
-0.525762881441 0.7797112530626245
-0.524762381191 0.781567684593654
-0.52376188094 0.662341608450759
-0.52276138069 0.659820918379119
-0.52176088044 0.6556073295235919
-0.52076038019 0.65211153638945
-0.51975987994 0.6513327915099125
-0.51875937969 0.6511104703455914
-0.51775887944 0.6511811517253743
-0.51675837919 0.6514242625730231
-0.515757878939 0.6532648032201217
-0.514757378689 0.6545804298309588
-0.513756878439 0.6568253220783451
-0.512756378189 0.6493793893816238
-0.511755877939 0.6496395969593558
-0.510755377689 0.6477808559148226
-0.509754877439 0.646608143890946
-0.508754377189 0.6484155203840567
-0.507753876938 0.6515571458702564
-0.506753376688 0.6514213694757811
-0.505752876438 0.6594562591554765
-0.504752376188 0.6653130723808135
-0.503751875938 0.6686983457693066
-0.502751375688 0.6782417145595063
-0.501750875438 0.6857726730201359
-0.500750375188 0.6851879394400148
-0.499749874937 0.6678138321034418
-0.498749374687 0.6576749439348709
-0.497748874437 0.6545183487745535
-0.496748374187 0.6521627887955979
-0.495747873937 0.6556390803473763
-0.494747373687 0.6552712288579982
-0.493746873437 0.6506469685010259
-0.492746373187 0.6481146942760663
-0.491745872936 0.6516062202387658
-0.490745372686 0.6547054738530131
-0.489744872436 0.6546765217966808
-0.488744372186 0.6538010089646549
-0.487743871936 0.6544684532129984
-0.486743371686 0.6556539102098308
-0.485742871436 0.6609850385500918
-0.484742371186 0.6555414498303405
-0.483741870935 0.6554137326476371
-0.482741370685 0.654384878113277
-0.481740870435 0.6550366002351997
-0.480740370185 0.6532242842965851
-0.479739869935 0.6510491084875688
-0.478739369685 0.6500800668317414
-0.477738869435 0.6527991132116003
-0.476738369185 0.6528919022232845
-0.475737868934 0.6717308886888207
-0.474737368684 0.6566335576036572
-0.473736868434 0.6507194918676301
-0.472736368184 0.6520314312119516
-0.471735867934 0.6500219744064777
-0.470735367684 0.6497957381897997
-0.469734867434 0.6503692929050505
-0.468734367184 0.6526878332329978
-0.467733866933 0.6536507203820215
-0.466733366683 0.6530976725213942
-0.465732866433 0.6544534375893766
-0.464732366183 0.6548109106507644
-0.463731865933 0.6535647804665126
-0.462731365683 0.6683975053430204
-0.461730865433 0.6788014415829616
-0.460730365183 0.676647499089246
-0.459729864932 0.6764857714058751
-0.458729364682 0.6727658798484082
-0.457728864432 0.6730457622650632
-0.456728364182 0.6729683683810715
-0.455727863932 0.6749950154264388
-0.454727363682 0.6761144480909923
-0.453726863432 0.6809852153416528
-0.452726363182 0.7225324056632044
-0.451725862931 0.8057924749750339
-0.450725362681 0.817426146578591
-0.449724862431 0.8415650367219223
-0.448724362181 0.8421433488856074
-0.447723861931 0.9503501576420075
-0.446723361681 0.9843918046355302
-0.445722861431 0.9972556482598909
-0.444722361181 1.0283260689544345
-0.44372186093 1.0291084599477078
-0.44272136068 1.0465485052706038
-0.44172086043 1.0528238793602447
-0.44072036018 1.0553037203854987
-0.43971985993 1.0715672093140487
-0.43871935968 1.0999895843077898
-0.43771885943 1.1499795317234272
-0.43671835918 1.163273894326132
-0.435717858929 1.2147411747787742
-0.434717358679 1.1851616172899575
-0.433716858429 1.1683911108015574
-0.432716358179 1.167788153235819
-0.431715857929 1.1776195452669382
-0.430715357679 1.2106655158699022
-0.429714857429 1.3208060739234755
-0.428714357179 1.242351640857858
-0.427713856928 1.2424881952107263
-0.426713356678 1.2582779429386535
-0.425712856428 1.332281584455348
-0.424712356178 1.310058589209175
-0.423711855928 1.2715408046648689
-0.422711355678 1.2618614466636857
-0.421710855428 1.2340424561445813
-0.420710355178 1.1956388941622305
-0.419709854927 1.1648198538094376
-0.418709354677 1.1264222520399187
-0.417708854427 1.1021384563251864
-0.416708354177 1.068856419481293
-0.415707853927 1.0261527120146345
-0.414707353677 0.9573951079155507
-0.413706853427 0.9211674360916755
-0.412706353177 0.8963877879046073
-0.411705852926 0.8725965514758485
-0.410705352676 0.8537805522306019
-0.409704852426 0.8406751238934939
-0.408704352176 0.8238206504890211
-0.407703851926 0.8115411660689222
-0.406703351676 0.80064432048102
-0.405702851426 0.7889292015642042
-0.404702351176 0.7800231476907702
-0.403701850925 0.7712624760249922
-0.402701350675 0.759338216059605
-0.401700850425 0.7506091585807559
-0.400700350175 0.7434941213024694
-0.399699849925 0.7361921875644877
-0.398699349675 0.7273859633807233
-0.397698849425 0.7212759388807947
-0.396698349175 0.7146685922113519
-0.395697848924 0.7097461782700157
-0.394697348674 0.7015005738307697
-0.393696848424 0.6935105803317829
-0.392696348174 0.6879183190592004
-0.391695847924 0.6790530778299513
-0.390695347674 0.6708122609512035
-0.389694847424 0.6632962361229489
-0.388694347174 0.6570496763203161
-0.387693846923 0.6498048675498922
-0.386693346673 0.64428252096729
-0.385692846423 0.638054669845228
-0.384692346173 0.631178641109646
-0.383691845923 0.6261392771905023
-0.382691345673 0.6211903106638302
-0.381690845423 0.6152925567821016
-0.380690345173 0.6103402378621415
-0.379689844922 0.6056288066560298
-0.378689344672 0.6005105240322293
-0.377688844422 0.5951065379697275
-0.376688344172 0.5895944399265718
-0.375687843922 0.5854684200938269
-0.374687343672 0.5817095104202432
-0.373686843422 0.5776920132869119
-0.372686343172 0.5736364479396379
-0.371685842921 0.5697871351426682
-0.370685342671 0.567009197679421
-0.369684842421 0.564161208959595
-0.368684342171 0.5605330328976725
-0.367683841921 0.5571459579819217
-0.366683341671 0.5541215904723148
-0.365682841421 0.5508755246623773
-0.364682341171 0.5481957374395555
-0.36368184092 0.5448402272423828
-0.36268134067 0.5415041022066912
-0.36168084042 0.5386849798713764
-0.36068034017 0.5364881716964294
-0.35967983992 0.5344367099207313
-0.35867933967 0.5324296264007267
-0.35767883942 0.5290848315920292
-0.35667833917 0.5256469038939438
-0.355677838919 0.5229042988633782
-0.354677338669 0.5199941305832511
-0.353676838419 0.5172250066295441
-0.352676338169 0.5147469873142605
-0.351675837919 0.513814029907691
-0.350675337669 0.5121967643892592
-0.349674837419 0.511156316138956
-0.348674337169 0.5068968833975339
-0.347673836918 0.5019742328404562
-0.346673336668 0.49776133607851974
-0.345672836418 0.49432294089743123
-0.344672336168 0.4905698943216194
-0.343671835918 0.4877147640029017
-0.342671335668 0.4853971989443824
-0.341670835418 0.4848182495024358
-0.340670335168 0.4838423047483957
-0.339669834917 0.4794687320164308
-0.338669334667 0.47652227031092675
-0.337668834417 0.47350444888053717
-0.336668334167 0.47612236282356385
-0.335667833917 0.47176240800978547
-0.334667333667 0.4550366940344598
-0.333666833417 0.4456010718898858
-0.332666333167 0.44421327815520684
-0.331665832916 0.44172897513298864
-0.330665332666 0.4404636734647082
-0.329664832416 0.4395783866851822
-0.328664332166 0.44073274839023113
-0.327663831916 0.43959855975421913
-0.326663331666 0.43840769867207163
-0.325662831416 0.4371494599302638
-0.324662331166 0.4354041342555693
-0.323661830915 0.4381974561490706
-0.322661330665 0.4457266494189109
-0.321660830415 0.4409544439563664
-0.320660330165 0.4485359603490686
-0.319659829915 0.43259357164223755
-0.318659329665 0.40966666106491256
-0.317658829415 0.40861250243687036
-0.316658329165 0.4021064734464523
-0.315657828914 0.3991576911346232
-0.314657328664 0.39696906760649453
-0.313656828414 0.3934001130594822
-0.312656328164 0.3914559919063315
-0.311655827914 0.39067654808895885
-0.310655327664 0.38993024649943325
-0.309654827414 0.3818581578322545
-0.308654327164 0.37903290251635635
-0.307653826913 0.37866511762715505
-0.306653326663 0.3783684974944265
-0.305652826413 0.37666446560227457
-0.304652326163 0.3746856041559666
-0.303651825913 0.373121149532523
-0.302651325663 0.36910594881865916
-0.301650825413 0.3676019443998354
-0.300650325163 0.3671717503345427
-0.299649824912 0.3662935417923463
-0.298649324662 0.36387755846566244
-0.297648824412 0.36180078590925513
-0.296648324162 0.39097809678802165
-0.295647823912 0.3556337150059491
-0.294647323662 0.3495970416662229
-0.293646823412 0.34627288779005033
-0.292646323162 0.33796602311512236
-0.291645822911 0.33727956754152905
-0.290645322661 0.3345617809065587
-0.289644822411 0.33244478337559363
-0.288644322161 0.3309871717823822
-0.287643821911 0.32910720606640975
-0.286643321661 0.3288722945829242
-0.285642821411 0.32700298159632785
-0.284642321161 0.3264831241307097
-0.28364182091 0.32650558979124084
-0.28264132066 0.32616127364770875
-0.28164082041 0.32520552982765155
-0.28064032016 0.32507246584565663
-0.27963981991 0.3249948595622117
-0.27863931966 0.32416593347436373
-0.27763881941 0.32380646385661815
-0.27663831916 0.3247567017115951
-0.275637818909 0.3251791972265635
-0.274637318659 0.32544230580043104
-0.273636818409 0.32650461517196483
-0.272636318159 0.3277407507905465
-0.271635817909 0.32947442117040165
-0.270635317659 0.3330450072776374
-0.269634817409 0.33672436726232846
-0.268634317159 0.34159167058193857
-0.267633816908 0.3442581983390174
-0.266633316658 0.34639573234479093
-0.265632816408 0.3537401059005052
-0.264632316158 0.36541235873505584
-0.263631815908 0.38606314400671954
-0.262631315658 0.4452644904262625
-0.261630815408 0.5492496108596703
-0.260630315158 0.4788568470335116
-0.259629814907 0.4460481029127331
-0.258629314657 0.4310047662173386
-0.257628814407 0.4130709260765203
-0.256628314157 0.4029467447468038
-0.255627813907 0.39438734068681336
-0.254627313657 0.3901591472336953
-0.253626813407 0.38436756430625474
-0.252626313157 0.37988689156359856
-0.251625812906 0.3820588527757797
-0.250625312656 0.3278058851547767
-0.249624812406 0.336455933530798
-0.248624312156 0.3346814654767839
-0.247623811906 0.33257682746850464
-0.246623311656 0.332907857451464
-0.245622811406 0.336024282104468
-0.244622311156 0.33095057235630837
-0.243621810905 0.32824984426841197
-0.242621310655 0.3228794756071505
-0.241620810405 0.31665743490809384
-0.240620310155 0.31167692564380056
-0.239619809905 0.30790116636600456
-0.238619309655 0.3061738327212531
-0.237618809405 0.3043605852883961
-0.236618309155 0.3023647179269325
-0.235617808904 0.3010925685841799
-0.234617308654 0.3026475540092408
-0.233616808404 0.3130997465681232
-0.232616308154 0.31951267274164175
-0.231615807904 0.34253603711015457
-0.230615307654 0.3487304135555417
-0.229614807404 0.33432914137751946
-0.228614307154 0.32303004182648987
-0.227613806903 0.3121727523475063
-0.226613306653 0.30617666176070657
-0.225612806403 0.30107704695930876
-0.224612306153 0.32171572574268453
-0.223611805903 0.2966079181547055
-0.222611305653 0.2883609540957247
-0.221610805403 0.2845558682583253
-0.220610305153 0.28290747109591696
-0.219609804902 0.28479500926337686
-0.218609304652 0.28489729669178
-0.217608804402 0.2886144738932511
-0.216608304152 0.2781418683481831
-0.215607803902 0.27311116109505656
-0.214607303652 0.26760595999097775
-0.213606803402 0.25412831062639074
-0.212606303152 0.24614578380031446
-0.211605802901 0.2409800429633422
-0.210605302651 0.2349870824719882
-0.209604802401 0.23144417911577872
-0.208604302151 0.228864208117272
-0.207603801901 0.22652202057362908
-0.206603301651 0.22241761686817538
-0.205602801401 0.21933194401383113
-0.204602301151 0.21680949127878146
-0.2036018009 0.21487065066904948
-0.20260130065 0.214509756601804
-0.2016008004 0.21499221094288487
-0.20060030015 0.21635981800643425
-0.1995997999 0.21283283923945456
-0.19859929965 0.20887421379691315
-0.1975987994 0.19791563932753395
-0.19659829915 0.19496199565511843
-0.195597798899 0.1939949148391522
-0.194597298649 0.19202725298011966
-0.193596798399 0.19326787411711224
-0.192596298149 0.19543320305458303
-0.191595797899 0.1920208102664975
-0.190595297649 0.18791897551241268
-0.189594797399 0.18744942070189896
-0.188594297149 0.18632476332946118
-0.187593796898 0.18382962510092457
-0.186593296648 0.18177907335334906
-0.185592796398 0.18049377814128434
-0.184592296148 0.1802291890605759
-0.183591795898 0.1793563941711193
-0.182591295648 0.17689921446606005
-0.181590795398 0.17549858978831628
-0.180590295148 0.17620350303179344
-0.179589794897 0.1755923053608098
-0.178589294647 0.17339730295650438
-0.177588794397 0.17481888753582103
-0.176588294147 0.17102925179695158
-0.175587793897 0.17058337877981783
-0.174587293647 0.1653226155361994
-0.173586793397 0.16354340943786533
-0.172586293147 0.12301192347342554
-0.171585792896 0.12325421602943401
-0.170585292646 0.12448904457147386
-0.169584792396 0.12585573782367085
-0.168584292146 0.12407216341664731
-0.167583791896 0.1191202944578708
-0.166583291646 0.11486048616468672
-0.165582791396 0.11098689696032576
-0.164582291146 0.10947855996600371
-0.163581790895 0.10844065505337895
-0.162581290645 0.10734243167043309
-0.161580790395 0.10651178343161245
-0.160580290145 0.10556885423379399
-0.159579789895 0.10474977928148294
-0.158579289645 0.10424941218114099
-0.157578789395 0.10382313689099058
-0.156578289145 0.10343317911616084
-0.155577788894 0.10253604096480148
-0.154577288644 0.10253823469539165
-0.153576788394 0.10192278917266621
-0.152576288144 0.10089050271160518
-0.151575787894 0.09967605289299347
-0.150575287644 0.09874140957463368
-0.149574787394 0.09828045031087647
-0.148574287144 0.09801769970777764
-0.147573786893 0.09789571482757417
-0.146573286643 0.09826289257872413
-0.145572786393 0.09909790074380626
-0.144572286143 0.10038541481289892
-0.143571785893 0.0980611973323651
-0.142571285643 0.0955533813784789
-0.141570785393 0.09453821253536127
-0.140570285143 0.09456407558272166
-0.139569784892 0.09427817411158841
-0.138569284642 0.09267960078146027
-0.137568784392 0.09289224601126385
-0.136568284142 0.0900171878304421
-0.135567783892 0.0875824930531372
-0.134567283642 0.08922752446136618
-0.133566783392 0.08977437880526598
-0.132566283142 0.08921259064227538
-0.131565782891 0.08786348653449615
-0.130565282641 0.08974537954148934
-0.129564782391 0.09164483091730136
-0.128564282141 0.09394670975743263
-0.127563781891 0.11347488834559748
-0.126563281641 0.04002329188841732
-0.125562781391 0.03947001832347191
-0.124562281141 0.039275819399032276
-0.12356178089 0.03866450723670415
-0.12256128064 0.03654261567402215
-0.12156078039 0.034545660428337566
-0.12056028014 0.033391672859313
-0.11955977989 0.032824082140988996
-0.11855927964 0.032148889418090625
-0.11755877939 0.031395995366544895
-0.11655827914 0.03069202614952126
-0.115557778889 0.030154560501512356
-0.114557278639 0.029492613027478905
-0.113556778389 0.028864447083171086
-0.112556278139 0.028323608070109453
-0.111555777889 0.027720404288100905
-0.110555277639 0.027225051486600732
-0.109554777389 0.026604609162237967
-0.108554277139 0.025992307121382133
-0.107553776888 0.025292612574560967
-0.106553276638 0.024511371142996147
-0.105552776388 0.023836359690937826
-0.104552276138 0.023205626308129848
-0.103551775888 0.022711812689356
-0.102551275638 0.022199029043808407
-0.101550775388 0.021151838545196217
-0.100550275138 0.02002756032548643
-0.0995497748874 0.0187480308335917
-0.0985492746373 0.01777200191601805
-0.0975487743872 0.01733136673291198
-0.0965482741371 0.0169065409464857
-0.0955477738869 0.016240129918900746
-0.0945472736368 0.015574631666513338
-0.0935467733867 0.015203299194774344
-0.0925462731366 0.014893300676106537
-0.0915457728864 0.01444634606881429
-0.0905452726363 0.013703836427586408
-0.0895447723862 0.013512857134711417
-0.0885442721361 0.013161296384283983
-0.0875437718859 0.01254550132829978
-0.0865432716358 0.012352918062991998
-0.0855427713857 0.011907468878527542
-0.0845422711356 0.01600156002426998
-0.0835417708854 0.015205893526946707
-0.0825412706353 0.015039341220145582
-0.0815407703852 0.014867933223475505
-0.0805402701351 0.014420780607421213
-0.0795397698849 0.014141125811529365
-0.0785392696348 0.013869006481587167
-0.0775387693847 0.013599331201368258
-0.0765382691346 0.013384954450134512
-0.0755377688844 0.013209261331289019
-0.0745372686343 0.012985099863389976
-0.0735367683842 0.01272656458363539
-0.0725362681341 0.012515387502320455
-0.0715357678839 0.012325785996471342
-0.0705352676338 0.012150691731663823
-0.0695347673837 0.011891244340928059
-0.0685342671336 0.011784194807455614
-0.0675337668834 0.011628339913702792
-0.0665332666333 0.01147399950129449
-0.0655327663832 0.011285260724362969
-0.0645322661331 0.011078458010983238
-0.0635317658829 0.010969878112146171
-0.0625312656328 0.010776770808347463
-0.0615307653827 0.010683681907080763
-0.0605302651326 0.010612808543254686
-0.0595297648824 0.010494789855665617
-0.0585292646323 0.010359889476937034
-0.0575287643822 0.010160047353218137
-0.0565282641321 0.00998551938320839
-0.0555277638819 0.010010264873923615
-0.0545272636318 0.010003732600422907
-0.0535267633817 0.00994331017715369
-0.0525262631316 0.009785957480963588
-0.0515257628814 0.009602455579797234
-0.0505252626313 0.00962986004819619
-0.0495247623812 0.009746102567281893
-0.0485242621311 0.009812928377103179
-0.0475237618809 0.009781629807638276
-0.0465232616308 0.010669529095098792
-0.0455227613807 0.009996252495927865
-0.0445222611306 0.009348306690671687
-0.0435217608804 0.010171723334248404
-0.0425212606303 0.013925439934849586
-0.0415207603802 0.013870009072290045
-0.0405202601301 0.014144015699264406
-0.0395197598799 0.014433337984521902
-0.0385192596298 0.014304015004599876
-0.0375187593797 0.013976460224544813
-0.0365182591296 0.013779642181794853
-0.0355177588794 0.014121404686365534
-0.0345172586293 0.01456029901449676
-0.0335167583792 0.013852390022426534
-0.0325162581291 0.013705231387422934
-0.0315157578789 0.014715439434919068
-0.0305152576288 0.013496810589231413
-0.0295147573787 0.01577182557078066
-0.0285142571286 0.0014872345543304592
-0.0275137568784 0.001454608704878551
-0.0265132566283 0.0014246783066904382
-0.0255127563782 0.001396749178981923
-0.0245122561281 0.001345825704696458
-0.0235117558779 0.0013048940920549442
-0.0225112556278 0.0012613319911631978
-0.0215107553777 0.0012178014785076247
-0.0205102551276 0.0011683839158459952
-0.0195097548774 0.0011097598921257072
-0.0185092546273 0.001026956423346941
-0.0175087543772 0.000962127696321298
-0.0165082541271 0.0008975220355180565
-0.0155077538769 0.000848970833016515
-0.0145072536268 0.0007480360800057951
-0.0135067533767 0.0006373750362010939
-0.0125062531266 0.0005569650591934533
-0.0115057528764 0.0005301349689145287
-0.0105052526263 0.00045126865627612297
-0.00950475237619 0.0003877425295288217
-0.00850425212606 0.00024173062943786213
-0.00750375187594 0.000239771153949633
-0.00650325162581 0.0002356205284057928
-0.00550275137569 0.0001681812360644466
-0.00450225112556 6.434892374269143e-05
-0.00350175087544 -8.981420801811915e-05
-0.00250125062531 -2.935185674474173e-05
-0.00150075037519 -8.794205300640241e-05
-0.000500250125063 -0.00022155366149909935
0.000500250125063 -0.0003050146508754497
0.00150075037519 -0.00012837188266026167
0.00250125062531 -0.000633440131514112
0.00350175087544 0.0010950027226346234
0.00450225112556 0.00013951432073725894
0.00550275137569 0.00017458997765719452
0.00650325162581 0.00020966563457712885
0.00750375187594 0.00024474129149706415
0.00850425212606 0.00027882448869259995
0.00950475237619 0.00031256689768830207
0.0105052526263 0.00044712395632729015
0.0115057528764 0.00043701805791762887
0.0125062531266 0.00044177135350764957
0.0135067533767 0.0004534171580250664
0.0145072536268 0.0005143252395886711
0.0155077538769 0.0005752333211522651
0.0165082541271 0.0006361414027158578
0.0175087543772 0.0006970494842794508
0.0185092546273 0.0007573023055528113
0.0195097548774 0.0008166152054255439
0.0205102551276 0.000807288126141848
0.0215107553777 0.000969730522987076
0.0225112556278 0.0009851780843760736
0.0235117558779 0.0010006256457650727
0.0245122561281 0.001018846341853135
0.0255127563782 0.0010432890486522148
0.0265132566283 0.0011421673605487436
0.0275137568784 0.0012410456724452693
0.0285142571286 0.0013399239843417989
0.0295147573787 0.0014388022962383297
0.0305152576288 0.0015376778304807377
0.0315157578789 0.0016360888539639206
0.0325162581291 0.0015612634246475465
0.0335167583792 0.0017701047520914284
0.0345172586293 0.0017980996295165062
0.0355177588794 0.0018279625908106875
0.0365182591296 0.0018578255521048792
0.0375187593797 0.0018876885133990726
0.0385192596298 0.001987509852644665
0.0395197598799 0.0021366016441556044
0.0405202601301 0.0022866189373257845
0.0415207603802 0.0024366559912029286
0.0425212606303 0.002586693045080065
0.0435217608804 0.0027184213966856747
0.0445222611306 0.0025818005859227066
0.0455227613807 0.0028231327047727366
0.0465232616308 0.002864427441908135
0.0475237618809 0.002905677758968512
0.0485242621311 0.0029464099529985972
0.0495247623812 0.0029873917646813476
0.0505252626313 0.0031024943598448778
0.0515257628814 0.0032980361150544966
0.0525262631316 0.0034933236987485365
0.0535267633817 0.0036886112824425885
0.0545272636318 0.003883898866136644
0.0555277638819 0.0038937387413800813
0.0565282641321 0.0037258099990375793
0.0575287643822 0.003973596076538492
0.0585292646323 0.004028025251157437
0.0595297648824 0.004082509534464382
0.0605302651326 0.004147492774819673
0.0615307653827 0.004217072172870296
0.0625312656328 0.00430465934165835
0.0635317658829 0.004497801201146436
0.0645322661331 0.004690943060634503
0.0655327663832 0.004872307362484331
0.0665332666333 0.005018176070715911
0.0675337668834 0.0048915214079051595
0.0685342671336 0.004853944709286576
0.0695347673837 0.00481777195829566
0.0705352676338 0.004967804824248808
0.0715357678839 0.00506848148592079
0.0725362681341 0.005132130080057183
0.0735367683842 0.005195411148193039
0.0745372686343 0.005258583220167472
0.0755377688844 0.005281762315396538
0.0765382691346 0.005403375173793559
0.0775387693847 0.005519756436184279
0.0785392696348 0.005591897203203783
0.0795397698849 0.005542811907623689
0.0805402701351 0.005507149404554457
0.0815407703852 0.005550025946133949
0.0825412706353 0.005552073451506667
0.0835417708854 0.005554118703877247
0.0845422711356 0.005559616394833575
0.0855427713857 0.0055942764316252
0.0865432716358 0.005718119672440644
0.0875437718859 0.005789292659088859
0.0885442721361 0.005840793463999433
0.0895447723862 0.005891095559479181
0.0905452726363 0.005946538083286623
0.0915457728864 0.006017880733028337
0.0925462731366 0.00603724208346003
0.0935467733867 0.006025871764478083
0.0945472736368 0.006023587288407877
0.0955477738869 0.006052089806718863
0.0965482741371 0.006084751836415392
0.0975487743872 0.006115432058801231
0.0985492746373 0.006147428349707269
0.0995497748874 0.006193267366652462
0.100550275138 0.006233396698420122
0.101550775388 0.0062807470707681575
0.102551275638 0.006323198570070996
0.103551775888 0.006365340945588828
0.104552276138 0.00640689320006569
0.105552776388 0.006448869989640954
0.106553276638 0.00811233075549234
0.107553776888 0.008180603972179042
0.108554277139 0.008359993261476273
0.109554777389 0.008236077051798477
0.110555277639 0.008142082911294656
0.111555777889 0.008159026842920926
0.112556278139 0.0081772694750034
0.113556778389 0.008251066315747315
0.114557278639 0.008253089089319432
0.115557778889 0.008236364133352225
0.11655827914 0.008290344020629791
0.11755877939 0.008252165753991422
0.11855927964 0.008266277234970231
0.11955977989 0.008272953152428777
0.12056028014 0.008289271081458641
0.12156078039 0.008329257467905637
0.12256128064 0.008343988855563455
0.12356178089 0.008338505543787223
0.124562281141 0.008479035436002997
0.125562781391 0.008489991457857006
0.126563281641 0.008490233698777102
0.127563781891 0.008446156545915838
0.128564282141 0.008398069909228194
0.129564782391 0.008375818206230259
0.130565282641 0.008376286713391386
0.131565782891 0.008372444870944032
0.132566283142 0.008377860369467164
0.133566783392 0.008333209030665022
0.134567283642 0.00832533885162961
0.135567783892 0.008328031546175028
0.136568284142 0.008332052855778396
0.137568784392 0.00879961595725629
0.138569284642 0.010847913957911294
0.139569784892 0.010824646417175917
0.140570285143 0.01060703979998604
0.141570785393 0.010730167778649456
0.142571285643 0.010916818952875527
0.143571785893 0.010947123300937663
0.144572286143 0.010810372746950403
0.145572786393 0.01071454191450376
0.146573286643 0.010675670351132475
0.147573786893 0.010706314010203093
0.148574287144 0.010745666757438804
0.149574787394 0.010800915008575475
0.150575287644 0.010841220007211463
0.151575787894 0.010880903091687455
0.152576288144 0.011102481799025031
0.153576788394 0.011060145358929338
0.154577288644 0.01100160982687487
0.155577788894 0.011586155866286946
0.156578289145 0.011831071468043925
0.157578789395 0.011698550596123403
0.158579289645 0.01168854429985193
0.159579789895 0.011745181918625851
0.160580290145 0.011774559708755006
0.161580790395 0.01169133946793955
0.162581290645 0.011634880479186675
0.163581790895 0.011601099733975464
0.164582291146 0.011561974842612264
0.165582791396 0.011553627607948608
0.166583291646 0.011549759424244247
0.167583791896 0.011558127440317627
0.168584292146 0.011569487002856677
0.169584792396 0.011555419650893519
0.170585292646 0.011502831554662904
0.171585792896 0.011484161760853992
0.172586293147 0.011495824979077134
0.173586793397 0.011487578972340656
0.174587293647 0.011507022363414757
0.175587793897 0.011533712787759335
0.176588294147 0.01149494837531106
0.177588794397 0.01144660768330229
0.178589294647 0.011400062636178114
0.179589794897 0.011373052916031716
0.180590295148 0.0113363694802944
0.181590795398 0.011295722217645555
0.182591295648 0.011243656918390582
0.183591795898 0.011219493147647641
0.184592296148 0.011195230417115556
0.185592796398 0.011174322635471287
0.186593296648 0.011154026889125576
0.187593796898 0.011127084552709134
0.188594297149 0.011111145200128267
0.189594797399 0.011096788209368267
0.190595297649 0.011076323044979424
0.191595797899 0.011061361592491247
0.192596298149 0.01104633815340234
0.193596798399 0.011030423297263028
0.194597298649 0.011283136860906045
0.195597798899 0.02196176533513932
0.19659829915 0.02387309099437815
0.1975987994 0.0210873677860406
0.19859929965 0.019106306516963076
0.1995997999 0.019076430918006534
0.20060030015 0.019261609643716877
0.2016008004 0.019252685987001972
0.20260130065 0.0184900910486354
0.2036018009 0.018280909696754746
0.204602301151 0.01823947244162565
0.205602801401 0.01823965718214429
0.206603301651 0.01825150693631989
0.207603801901 0.01829448868989458
0.208604302151 0.018304588451304032
0.209604802401 0.018074425653963853
0.210605302651 0.017890714713299942
0.211605802901 0.01781703518040271
0.212606303152 0.017764513423062168
0.213606803402 0.017732374695395684
0.214607303652 0.017710832386056287
0.215607803902 0.017696577768774042
0.216608304152 0.01771488223930498
0.217608804402 0.017746401172344124
0.218609304652 0.01771734828939641
0.219609804902 0.017636018123736504
0.220610305153 0.017499280970295572
0.221610805403 0.01744211776679282
0.222611305653 0.017379482540183823
0.223611805903 0.017314663126411254
0.224612306153 0.017263636595922633
0.225612806403 0.017232159445647183
0.226613306653 0.017233533745295126
0.227613806903 0.017210205166763682
0.228614307154 0.017217541935477126
0.229614807404 0.017220862798227262
0.230615307654 0.017221074091013453
0.231615807904 0.017153277430064243
0.232616308154 0.017018993085417572
0.233616808404 0.016870128262513703
0.234617308654 0.016734098754535364
0.235617808904 0.01668583151800057
0.236618309155 0.01665768423838551
0.237618809405 0.016546984193093486
0.238619309655 0.01649826009037525
0.239619809905 0.01646561211549363
0.240620310155 0.016445804235832518
0.241620810405 0.01640979502004975
0.242621310655 0.01637669111467487
0.243621810905 0.01634431862478006
0.244622311156 0.016297656567059223
0.245622811406 0.01630540265146739
0.246623311656 0.016299964848316785
0.247623811906 0.016265960203428232
0.248624312156 0.016247067824312043
0.249624812406 0.01614692421590707
0.250625312656 0.016084145848824415
0.251625812906 0.01595374034452676
0.252626313157 0.015876266764000693
0.253626813407 0.01579883321340541
0.254627313657 0.015726755724199928
0.255627813907 0.01566099495126976
0.256628314157 0.015648096510625646
0.257628814407 0.01561886547931904
0.258629314657 0.015591445671412579
0.259629814907 0.015568576170190392
0.260630315158 0.015527008705045529
0.261630815408 0.015496165788729439
0.262631315658 0.015468568174006598
0.263631815908 0.01545446166592797
0.264632316158 0.015433669761013492
0.265632816408 0.01542377741499871
0.266633316658 0.015408623837681976
0.267633816908 0.01538465586652346
0.268634317159 0.015405075458760752
0.269634817409 0.015401639992803496
0.270635317659 0.015380747366600427
0.271635817909 0.015358979343312143
0.272636318159 0.015390859201012923
0.273636818409 0.015401853522812483
0.274637318659 0.015576436239713222
0.275637818909 0.015519046275978826
0.27663831916 0.015550324335873264
0.27763881941 0.015407274719296243
0.27863931966 0.015412725852988828
0.27963981991 0.01542306208858475
0.28064032016 0.015478641920866527
0.28164082041 0.015508337170690294
0.28264132066 0.0155370185257841
0.28364182091 0.015553835706351129
0.284642321161 0.015567073412104488
0.285642821411 0.01558676490181021
0.286643321661 0.015608189394787914
0.287643821911 0.015595691537586874
0.288644322161 0.015620486696158455
0.289644822411 0.01564013489960473
0.290645322661 0.01564994603984532
0.291645822911 0.015652710923410227
0.292646323162 0.01566563864255032
0.293646823412 0.01567454949577631
0.294647323662 0.015677686842381182
0.295647823912 0.015691462761675656
0.296648324162 0.015706450791178186
0.297648824412 0.01575305113660657
0.298649324662 0.015740492265469478
0.299649824912 0.015826162816874118
0.300650325163 0.015858662992457945
0.301650825413 0.015958539242539954
0.302651325663 0.0160839312682342
0.303651825913 0.016379141948757295
0.304652326163 0.016118231067111775
0.305652826413 0.016154727901771304
0.306653326663 0.01619408968889255
0.307653826913 0.01625346542615908
0.308654327164 0.0163134483879281
0.309654827414 0.01637366845308455
0.310655327664 0.0164800928804016
0.311655827914 0.016619379602465036
0.312656328164 0.016827062084671888
0.313656828414 0.01668934420826237
0.314657328664 0.016774560359700673
0.315657828914 0.016874003468656307
0.316658329165 0.017012804448735302
0.317658829415 0.01714343044852677
0.318659329665 0.017224860800751435
0.319659829915 0.017488134146385406
0.320660330165 0.01765839576628028
0.321660830415 0.017611027204848525
0.322661330665 0.017574985159023546
0.323661830915 0.017569689868518694
0.324662331166 0.017949178270774007
0.325662831416 0.018380450514354572
0.326663331666 0.018181160855387252
0.327663831916 0.018312094257689406
0.328664332166 0.01885472297232486
0.329664832416 0.01900325237698296
0.330665332666 0.018696688970466186
0.331665832916 0.018513252785486635
0.332666333167 0.018523394602628127
0.333666833417 0.018455717729633822
0.334667333667 0.01840290478241384
0.335667833917 0.018350008122318857
0.336668334167 0.018389491993506903
0.337668834417 0.018443798156171188
0.338669334667 0.01864883196504275
0.339669834917 0.01884011691051855
0.340670335168 0.019026285909416088
0.341670835418 0.01962717811011441
0.342671335668 0.01926892161253568
0.343671835918 0.019054614504794384
0.344672336168 0.01890884610724366
0.345672836418 0.018768011869444528
0.346673336668 0.018657230773925844
0.347673836918 0.018658822156850035
0.348674337169 0.018759317656530966
0.349674837419 0.018867600005388414
0.350675337669 0.019053787099977865
0.351675837919 0.019182681141460323
0.352676338169 0.018938092373845396
0.353676838419 0.018998725052129677
0.354677338669 0.01911196142854638
0.355677838919 0.019249995727744003
0.35667833917 0.019625030774961104
0.35767883942 0.01927886251406319
0.35867933967 0.01926488835617668
0.35967983992 0.019267309813005146
0.36068034017 0.019330298498528735
0.36168084042 0.019345037278702716
0.36268134067 0.019388372751382082
0.36368184092 0.019489283230260505
0.364682341171 0.01954957314734018
0.365682841421 0.019619258091008524
0.366683341671 0.019663743706399697
0.367683841921 0.01972886517341744
0.368684342171 0.01973724409550579
0.369684842421 0.019805554350571082
0.370685342671 0.01988747409049088
0.371685842921 0.019965306634385935
0.372686343172 0.01999338139674791
0.373686843422 0.020063429205226167
0.374687343672 0.020087886187983003
0.375687843922 0.02009679221837794
0.376688344172 0.020124485702371724
0.377688844422 0.020165884263878064
0.378689344672 0.020206933169012408
0.379689844922 0.02027192257503051
0.380690345173 0.020362514324348265
0.381690845423 0.020428728405375966
0.382691345673 0.020489133340101443
0.383691845923 0.020583083147662086
0.384692346173 0.020673261682333056
0.385692846423 0.02102289578242485
0.386693346673 0.021457465309665556
0.387693846923 0.02194033807658639
0.388694347174 0.023220627392217287
0.389694847424 0.02260604008662481
0.390695347674 0.022567234291100885
0.391695847924 0.02284834274860421
0.392696348174 0.02308739249127246
0.393696848424 0.023010764625795103
0.394697348674 0.02313559289439141
0.395697848924 0.023257001578459564
0.396698349175 0.023451976636634342
0.397698849425 0.02347591819428977
0.398699349675 0.02339813508955435
0.399699849925 0.02335253423891698
0.400700350175 0.023403135711512632
0.401700850425 0.023478196758414307
0.402701350675 0.02356140964798367
0.403701850925 0.02368667207827088
0.404702351176 0.02374201685851717
0.405702851426 0.02368942294252224
0.406703351676 0.02385600528925162
0.407703851926 0.024016669442736366
0.408704352176 0.023942704459014027
0.409704852426 0.024012980287378027
0.410705352676 0.024120276272308075
0.411705852926 0.02422962605470874
0.412706353177 0.024355568264829677
0.413706853427 0.02426577511416806
0.414707353677 0.024336068316160524
0.415707853927 0.024462277437848196
0.416708354177 0.024528648811642285
0.417708854427 0.02460872231398448
0.418709354677 0.024669681841990174
0.419709854927 0.024771819186042494
0.420710355178 0.024879642210805564
0.421710855428 0.02521195947509904
0.422711355678 0.025233987629654807
0.423711855928 0.025255605557351037
0.424712356178 0.025470021017867633
0.425712856428 0.025684720434965884
0.426713356678 0.025515048622399648
0.427713856928 0.025594687063210997
0.428714357179 0.02565414357284987
0.429714857429 0.025726043573600078
0.430715357679 0.025772301411316006
0.431715857929 0.025851174139550858
0.432716358179 0.0259755029123338
0.433716858429 0.026118147522036044
0.434717358679 0.026269257334943525
0.435717858929 0.026438773967656728
0.43671835918 0.026625484632450822
0.43771885943 0.026697902958572547
0.43871935968 0.026838520763469275
0.43971985993 0.027100700605821215
0.44072036018 0.027277214856127205
0.44172086043 0.02765656516918403
0.44272136068 0.028302784745725677
0.44372186093 0.028850511305891897
0.444722361181 0.02952286234774371
0.445722861431 0.030593906702654276
0.446723361681 0.03154137265443419
0.447723861931 0.030561431431833784
0.448724362181 0.03050281231422227
0.449724862431 0.030667939182503465
0.450725362681 0.030916449177981604
0.451725862931 0.031153857239635433
0.452726363182 0.031394736713116024
0.453726863432 0.03167967855563707
0.454727363682 0.032319252914137626
0.455727863932 0.032272774822258064
0.456728364182 0.032335749203201196
0.457728864432 0.032941535980854864
0.458729364682 0.033423564936106966
0.459729864932 0.03391120766095494
0.460730365183 0.035710591798817075
0.461730865433 0.03555830577551807
0.462731365683 0.03456135086758022
0.463731865933 0.034429559005361945
0.464732366183 0.03429699345746636
0.465732866433 0.0342866774481702
0.466733366683 0.034270682380473594
0.467733866933 0.034259333744924875
0.468734367184 0.03434542075738033
0.469734867434 0.03442551510561213
0.470735367684 0.034531846103450496
0.471735867934 0.034618651465905134
0.472736368184 0.03476085117994872
0.473736868434 0.0349436918197994
0.474737368684 0.035085610146981756
0.475737868934 0.03522664751992943
0.476738369185 0.03536196116390463
0.477738869435 0.03551089808568225
0.478739369685 0.035690536520130725
0.479739869935 0.03595480640944173
0.480740370185 0.036216529119664644
0.481740870435 0.036453549254124314
0.482741370685 0.03664351042387133
0.483741870935 0.0367986015388718
0.484742371186 0.03690231128498444
0.485742871436 0.037014957035499244
0.486743371686 0.03719157901008935
0.487743871936 0.03740577039407111
0.488744372186 0.037648529435049066
0.489744872436 0.03792789661147075
0.490745372686 0.03834346690858153
0.491745872936 0.03901969421647399
0.492746373187 0.04121230610815688
0.493746873437 0.042707642048138796
0.494747373687 0.04381294917884349
0.495747873937 0.04487330166515242
0.496748374187 0.04626399053273043
0.497748874437 0.04712810193803056
0.498749374687 0.04745160284741934
0.499749874937 0.0479460610065296
0.500750375188 0.04866857888250689
0.501750875438 0.0494108536725886
0.502751375688 0.050064039691057285
0.503751875938 0.0509176240987006
0.504752376188 0.051777210324351675
0.505752876438 0.052636590506704835
0.506753376688 0.05372730551951482
0.507753876938 0.05431029792405382
0.508754377189 0.054704053114659895
0.509754877439 0.05511674831066278
0.510755377689 0.05517273117225033
0.511755877939 0.05545270979876068
0.512756378189 0.05552758934820605
0.513756878439 0.055768587157025186
0.514757378689 0.05612580955879255
0.515757878939 0.05642250767593456
0.51675837919 0.056634137833884796
0.51775887944 0.05703932742931717
0.51875937969 0.0578217281892007
0.51975987994 0.05861043118823052
0.52076038019 0.05994501226875168
0.52176088044 0.06236039943011109
0.52276138069 0.06162174459695019
0.52376188094 0.061168753817343685
0.524762381191 0.060544242370293835
0.525762881441 0.05986844906952786
0.526763381691 0.05974452198088931
0.527763881941 0.05972862309375527
0.528764382191 0.06002408827865624
0.529764882441 0.06025454145760752
0.530765382691 0.06063866200829541
0.531765882941 0.06088748268401117
0.532766383192 0.06104173743107576
0.533766883442 0.06145577336546216
0.534767383692 0.061403243213088536
0.535767883942 0.06171387600431911
0.536768384192 0.06216250104892072
0.537768884442 0.06269389037300678
0.538769384692 0.06390173480940398
0.539769884942 0.06389916655211039
0.540770385193 0.06443562187005883
0.541770885443 0.06463799540474367
0.542771385693 0.06604689233977767
0.543771885943 0.06561849209320506
0.544772386193 0.0650028728575312
0.545772886443 0.06513091573018302
0.546773386693 0.06524124262446207
0.547773886943 0.06543004384942241
0.548774387194 0.0659948717799059
0.549774887444 0.0659620344343971
0.550775387694 0.06593444579571144
0.551775887944 0.06611052009068753
0.552776388194 0.06689549507600537
0.553776888444 0.06786181670201222
0.554777388694 0.06890319269896651
0.555777888944 0.07142063072037597
0.556778389195 0.07008314142636403
0.557778889445 0.07138213898392538
0.558779389695 0.07184205312545443
0.559779889945 0.07489716240736681
0.560780390195 0.07336130580168478
0.561780890445 0.07338432502015622
0.562781390695 0.07376781088247518
0.563781890945 0.07430171653889134
0.564782391196 0.07512126701171357
0.565782891446 0.0770199933411679
0.566783391696 0.07860372698410209
0.567783891946 0.08101324467628704
0.568784392196 0.08143720136564347
0.569784892446 0.0814974545739774
0.570785392696 0.08158876141241593
0.571785892946 0.08119993020290665
0.572786393197 0.08031734431772274
0.573786893447 0.08056478606722409
0.574787393697 0.08088166768919237
0.575787893947 0.08146793265384797
0.576788394197 0.08233902963018447
0.577788894447 0.08323031485853324
0.578789394697 0.08398263065376109
0.579789894947 0.08392092754871486
0.580790395198 0.08420300363711722
0.581790895448 0.0855191025374825
0.582791395698 0.08568136658198211
0.583791895948 0.0867720173402933
0.584792396198 0.08806598329108718
0.585792896448 0.08850209313733647
0.586793396698 0.09009707581545999
0.587793896948 0.09164888896788087
0.588794397199 0.09199721439561165
0.589794897449 0.09331590891073341
0.590795397699 0.09607323749871026
0.591795897949 0.09549642359676884
0.592796398199 0.09652774930079441
0.593796898449 0.09974601241234761
0.594797398699 0.09934954866065406
0.595797898949 0.10014160659719981
0.5967983992 0.10059409215683889
0.59779889945 0.10097659460635315
0.5987993997 0.10233568309225617
0.59979989995 0.10402833997477808
0.6008004002 0.10345355187552599
0.60180090045 0.11193963426388108
0.6028014007 0.12066152832744684
0.60380190095 0.1283911443978903
0.604802401201 0.1365498028604441
0.605802901451 0.14153472474624187
0.606803401701 0.1524286477153081
0.607803901951 0.1493171097600944
0.608804402201 0.14253174554076725
0.609804902451 0.13557445643338184
0.610805402701 0.13396421453849916
0.611805902951 0.13199699955014263
0.612806403202 0.13008658525935493
0.613806903452 0.13051682663159173
0.614807403702 0.1303669952762824
0.615807903952 0.13005283464292783
0.616808404202 0.12998092883355278
0.617808904452 0.12917777719460546
0.618809404702 0.12828956562192392
0.619809904952 0.12825478610763666
0.620810405203 0.12868238968659723
0.621810905453 0.12843178405001815
0.622811405703 0.1279679370777833
0.623811905953 0.12802132398964142
0.624812406203 0.1274392079852483
0.625812906453 0.1269268845763592
0.626813406703 0.12701685213981517
0.627813906953 0.12801943556574755
0.628814407204 0.12809513964053976
0.629814907454 0.12843128567860557
0.630815407704 0.12931983417265755
0.631815907954 0.135483448289933
0.632816408204 0.13164811441908628
0.633816908454 0.13233377447055822
0.634817408704 0.13055708315821446
0.635817908954 0.13054358400776644
0.636818409205 0.1306445103064213
0.637818909455 0.13073535758835217
0.638819409705 0.13071304396600036
0.639819909955 0.13056453848080063
0.640820410205 0.13099869923580643
0.641820910455 0.13130652156718717
0.642821410705 0.13164351295501536
0.643821910955 0.13205001524700863
0.644822411206 0.13244435509277858
0.645822911456 0.13293243644239913
0.646823411706 0.13340974877557876
0.647823911956 0.13611501016154914
0.648824412206 0.14479127355706387
0.649824912456 0.14993314642859812
0.650825412706 0.1542872761781081
0.651825912956 0.15849676175422991
0.652826413207 0.1620416207244833
0.653826913457 0.16349167837159698
0.654827413707 0.16126140184130194
0.655827913957 0.16151781461007128
0.656828414207 0.16151716675822028
0.657828914457 0.1619821528187949
0.658829414707 0.16276968226081556
0.659829914957 0.16426950046087396
0.660830415208 0.16587709240538304
0.661830915458 0.16751114367249972
0.662831415708 0.17099350116544532
0.663831915958 0.17221073364644301
0.664832416208 0.17080815263445107
0.665832916458 0.1716606935731278
0.666833416708 0.17247866435385437
0.667833916958 0.17355490684514477
0.668834417209 0.17466089851475533
0.669834917459 0.17489135758526742
0.670835417709 0.1747899028978908
0.671835917959 0.176021367511949
0.672836418209 0.17773403084226322
0.673836918459 0.17949235101889785
0.674837418709 0.1803602532449557
0.675837918959 0.18097624911008706
0.67683841921 0.1841358000486546
0.67783891946 0.18789706582173768
0.67883941971 0.19189658765815376
0.67983991996 0.19805726258071893
0.68084042021 0.19958507707198314
0.68184092046 0.20748102479607405
0.68284142071 0.21468200562314452
0.68384192096 0.22254648019652506
0.684842421211 0.2304631929487129
0.685842921461 0.25016499828554234
0.686843421711 0.25205274657475074
0.687843921961 0.24275315884275805
0.688844422211 0.2310229885160631
0.689844922461 0.2237525249904812
0.690845422711 0.22106056319405235
0.691845922961 0.21803254847420303
0.692846423212 0.21985749969208826
0.693846923462 0.21956468814893426
0.694847423712 0.21969444663189827
0.695847923962 0.21916464325652824
0.696848424212 0.21847370629119212
0.697848924462 0.21785154781230015
0.698849424712 0.21764600039308224
0.699849924962 0.2246174439754253
0.700850425213 0.2222528970357783
0.701850925463 0.22017296175874082
0.702851425713 0.221077704213065
0.703851925963 0.22122316671335615
0.704852426213 0.21997304854646813
0.705852926463 0.21964515647340216
0.706853426713 0.22170588348685127
0.707853926963 0.22362709522913995
0.708854427214 0.22768604170915321
0.709854927464 0.228531742612777
0.710855427714 0.22885524647786873
0.711855927964 0.23136246441357275
0.712856428214 0.23432687483955034
0.713856928464 0.24129229546319797
0.714857428714 0.23974765683192867
0.715857928964 0.24362181734858962
0.716858429215 0.23944983916796508
0.717858929465 0.23997018571586204
0.718859429715 0.2403093663581116
0.719859929965 0.24078177004466214
0.720860430215 0.24040461073394948
0.721860930465 0.24150524984815744
0.722861430715 0.2419052076961193
0.723861930965 0.2425124929166347
0.724862431216 0.24305806731397744
0.725862931466 0.24464947282420738
0.726863431716 0.24621984040769254
0.727863931966 0.2478570097844102
0.728864432216 0.2499927765339905
0.729864932466 0.25188928658711834
0.730865432716 0.2542451003093031
0.731865932966 0.25587648554693554
0.732866433217 0.2589425940876362
0.733866933467 0.2606489665870095
0.734867433717 0.26595398999969566
0.735867933967 0.2660892427050174
0.736868434217 0.26865567012135116
0.737868934467 0.272097709291473
0.738869434717 0.27302879813286446
0.739869934967 0.27508675272752475
0.740870435218 0.2781306334942108
0.741870935468 0.2795900717282052
0.742871435718 0.28109104101371285
0.743871935968 0.2880556135408233
0.744872436218 0.29514236770793456
0.745872936468 0.290393771701725
0.746873436718 0.303924713694087
0.747873936968 0.31399353646593786
0.748874437219 0.3183704147126885
0.749874937469 0.3173352473662649
0.750875437719 0.32172368617688174
0.751875937969 0.3251717218722097
0.752876438219 0.3278717055010465
0.753876938469 0.33770492847371814
0.754877438719 0.340630689293861
0.755877938969 0.33587406994306523
0.75687843922 0.33248290191078045
0.75787893947 0.332777903013164
0.75887943972 0.33367106164756016
0.75987993997 0.3345448776641132
0.76088044022 0.33649828993503234
0.76188094047 0.3402236131411387
0.76288144072 0.3471383058870315
0.76388194097 0.3643362154829273
0.764882441221 0.36529347286821257
0.765882941471 0.3543880866359876
0.766883441721 0.35451432369155766
0.767883941971 0.35663340998704707
0.768884442221 0.3676023550894817
0.769884942471 0.36082253433429257
0.770885442721 0.377060587273458
0.771885942971 0.3691999843700966
0.772886443222 0.3798006228314561
0.773886943472 0.39073360940281554
0.774887443722 0.3594017624638956
0.775887943972 0.3618331506259561
0.776888444222 0.36732459987989335
0.777888944472 0.3267852756668929
0.778889444722 0.3125432372648185
0.779889944972 0.3073957068875787
0.780890445223 0.30267503727886536
0.781890945473 0.3026508314537912
0.782891445723 0.29849600439607593
0.783891945973 0.2969788942247255
0.784892446223 0.2980674249516597
0.785892946473 0.2896390152143992
0.786893446723 0.28203369964792346
0.787893946973 0.2812521191358943
0.788894447224 0.2811062260512476
0.789894947474 0.28096115489954476
0.790895447724 0.28080114961721425
0.791895947974 0.28184077443109734
0.792896448224 0.28155019069625
0.793896948474 0.2819544440086632
0.794897448724 0.2823654623338586
0.795897948974 0.28410303703538325
0.796898449225 0.2849289377981799
0.797898949475 0.2881152632176217
0.798899449725 0.2916884113597384
0.799899949975 0.2916636745614871
0.800900450225 0.29386474654067624
0.801900950475 0.29492530887534335
0.802901450725 0.29516355858356824
0.803901950975 0.2981626146833431
0.804902451226 0.30147135712371353
0.805902951476 0.30443383892572334
0.806903451726 0.30726820408081484
0.807903951976 0.3096776610767936
0.808904452226 0.31483224294607065
0.809904952476 0.32035731239022225
0.810905452726 0.35762862087589736
0.811905952976 0.3482673868478954
0.812906453227 0.344668112970976
0.813906953477 0.33487863968131
0.814907453727 0.32763932535487683
0.815907953977 0.32000135083160547
0.816908454227 0.3190733346842897
0.817908954477 0.30856465157006496
0.818909454727 0.30826283747447225
0.819909954977 0.30914991336082825
0.820910455228 0.3098767830987984
0.821910955478 0.30964619636524476
0.822911455728 0.31141930817998204
0.823911955978 0.312789829252003
0.824912456228 0.3131829075850052
0.825912956478 0.30802310917651154
0.826913456728 0.307391750196154
0.827913956978 0.30569594690440505
0.828914457229 0.306348487364037
0.829914957479 0.30707114375454775
0.830915457729 0.30952986212591277
0.831915957979 0.307023090070634
0.832916458229 0.30587546570388646
0.833916958479 0.30739688964216627
0.834917458729 0.30708090350535777
0.835917958979 0.30926565124583805
0.83691845923 0.3194720898823807
0.83791895948 0.2979555688354219
0.83891945973 0.2902037590872812
0.83991995998 0.29066336399142734
0.84092046023 0.29079606966148397
0.84192096048 0.2918681005249554
0.84292146073 0.29410859654592975
0.84392196098 0.29672667715211054
0.844922461231 0.2990222674044535
0.845922961481 0.3002759869242852
0.846923461731 0.3016403768679005
0.847923961981 0.30349311574968535
0.848924462231 0.30492700695433905
0.849924962481 0.3069229810983499
0.850925462731 0.3093944030755415
0.851925962981 0.3119303030058852
0.852926463232 0.3155868859822381
0.853926963482 0.31763893072462135
0.854927463732 0.32080260879633754
0.855927963982 0.3255157499803516
0.856928464232 0.33046722276870333
0.857928964482 0.3342669694146866
0.858929464732 0.3381339312125609
0.859929964982 0.3453777770526699
0.860930465233 0.35165987965593487
0.861930965483 0.36076319330319373
0.862931465733 0.3805086182241383
0.863931965983 0.3452740110199634
0.864932466233 0.35024934416617964
0.865932966483 0.3523945736740325
0.866933466733 0.3629376127919308
0.867933966983 0.36255809678105494
0.868934467234 0.34613458006420006
0.869934967484 0.35072585608152074
0.870935467734 0.360049733321511
0.871935967984 0.3714206033975746
0.872936468234 0.3955595846291774
0.873936968484 0.42016082582475217
0.874937468734 0.4667994727469121
0.875937968984 0.4572499004284166
0.876938469235 0.35444893183311804
0.877938969485 0.33444906809685787
0.878939469735 0.32583872906893274
0.879939969985 0.3214306829008969
0.880940470235 0.31923755554202016
0.881940970485 0.31791319324839706
0.882941470735 0.31722422409708556
0.883941970985 0.3177291289584858
0.884942471236 0.3182349937495004
0.885942971486 0.3190988013544631
0.886943471736 0.3207678446190554
0.887943971986 0.3235600665817383
0.888944472236 0.3269868819485367
0.889944972486 0.32958710927987517
0.890945472736 0.3366332717790727
0.891945972986 0.3454726546646285
0.892946473237 0.3532611280705196
0.893946973487 0.3631248767876433
0.894947473737 0.3740501872315977
0.895947973987 0.3840730806467032
0.896948474237 0.402603525115026
0.897948974487 0.4327685444628896
0.898949474737 0.4620841612369017
0.899949974987 0.44954131244544304
0.900950475238 0.42808985516647946
0.901950975488 0.41968764233756944
0.902951475738 0.41815730289188563
0.903951975988 0.414701486849666
0.904952476238 0.41708135243996003
0.905952976488 0.4166913942304213
0.906953476738 0.4222872702227346
0.907953976988 0.43122189540794936
0.908954477239 0.4434175187273096
0.909954977489 0.42185035973679713
0.910955477739 0.42003763913625336
0.911955977989 0.41597407565035294
0.912956478239 0.41299718426626303
0.913956978489 0.41173562275123615
0.914957478739 0.40886059560605925
0.915957978989 0.41704596990967097
0.91695847924 0.4238216849413263
0.91795897949 0.43500723339580627
0.91895947974 0.5019824100441699
0.91995997999 0.627712609279984
0.92096048024 0.7243510695103649
0.92196098049 0.7741457558547647
0.92296148074 0.7602576935072539
0.92396198099 0.5244840297134665
0.924962481241 0.49687216429684156
0.925962981491 0.4729738736350812
0.926963481741 0.4625136876544555
0.927963981991 0.4608396986365998
0.928964482241 0.46922680614863505
0.929964982491 0.49278942583031954
0.930965482741 0.3928360458962022
0.931965982991 0.3759118516992485
0.932966483242 0.36891663264675656
0.933966983492 0.36065551388772865
0.934967483742 0.35483325137931504
0.935967983992 0.3485085274320856
0.936968484242 0.33681157753175306
0.937968984492 0.33206513617670425
0.938969484742 0.32977646508956665
0.939969984992 0.3262685433382195
0.940970485243 0.3261588095221484
0.941970985493 0.323215249552265
0.942971485743 0.32055853719642385
0.943971985993 0.31850767174536787
0.944972486243 0.3158476007554519
0.945972986493 0.31291232669076074
0.946973486743 0.31107250124876357
0.947973986993 0.3080829397094034
0.948974487244 0.30491946491758354
0.949974987494 0.3028216729981654
0.950975487744 0.3006036890581691
0.951975987994 0.2974334616175559
0.952976488244 0.2941830575931874
0.953976988494 0.2907421945514965
0.954977488744 0.28782335659578306
0.955977988994 0.28442083138404095
0.956978489245 0.2824594023577737
0.957978989495 0.2794165827909063
0.958979489745 0.27664055148091854
0.959979989995 0.27347965251483874
0.960980490245 0.2702877119066955
0.961980990495 0.26050896564004616
0.962981490745 0.26380110447736055
0.963981990995 0.27148923810828895
0.964982491246 0.27111078817607925
0.965982991496 0.2670685132773383
0.966983491746 0.2611379941509156
0.967983991996 0.2591374584650557
0.968984492246 0.2761879201583284
0.969984992496 0.28088251444744483
0.970985492746 0.2857405443758082
0.971985992996 0.28122810767655526
0.972986493247 0.2842399785797316
0.973986993497 0.28093772161533104
0.974987493747 0.2921628495366291
0.975987993997 0.28543207101518164
0.976988494247 0.26494106381786536
0.977988994497 0.2619394321970578
0.978989494747 0.24704762377821554
0.979989994997 0.24762717938814208
0.980990495248 0.2468065801573023
0.981990995498 0.2463591154730283
0.982991495748 0.24826389741386734
0.983991995998 0.24902556998682923
0.984992496248 0.24946714269882556
0.985992996498 0.2508036942528962
0.986993496748 0.25301361802796535
0.987993996998 0.2540260296684965
0.988994497249 0.2553630537180079
0.989994997499 0.2579264273330648
0.990995497749 0.261968288573248
0.991995997999 0.2668151445569027
0.992996498249 0.2714749120736617
0.993996998499 0.2803548832582399
0.994997498749 0.2675159584437564
0.995997999 0.26530991087944983
0.99699849925 0.2659238171604928
0.9979989995 0.2678246089249184
0.99899949975 0.26888137461078665
1.0 0.2567332290201587
