-1.0 0.06793304180451253
-0.99899949975 0.0677774393881135
-0.9979989995 0.06818989243806907
-0.99699849925 0.07056741075613308
-0.995997999 0.06996341507642481
-0.994997498749 0.0697895613639498
-0.993996998499 0.06930210318089583
-0.992996498249 0.0704177426784221
-0.991995997999 0.0735965107764421
-0.990995497749 0.0698290817216702
-0.989994997499 0.06933781982129093
-0.988994497249 0.07021596666063065
-0.987993996998 0.0693572613414664
-0.986993496748 0.07057967909286866
-0.985992996498 0.07346742783174838
-0.984992496248 0.07124942578819368
-0.983991995998 0.07063823054399147
-0.982991495748 0.06734927120747063
-0.981990995498 0.06703329821338397
-0.980990495248 0.06669576502002067
-0.979989994997 0.06719484302859713
-0.978989494747 0.06630121683465158
-0.977988994497 0.06503324033511745
-0.976988494247 0.06454494357553955
-0.975987993997 0.06398547439227022
-0.974987493747 0.06393397476206024
-0.973986993497 0.0635301289056774
-0.972986493247 0.06890999589947036
-0.971985992996 0.06972162034559955
-0.970985492746 0.06974894687662608
-0.969984992496 0.06992552189603543
-0.968984492246 0.06996425118314999
-0.967983991996 0.0717936806995029
-0.966983491746 0.0721775417230382
-0.965982991496 0.0721313590298347
-0.964982491246 0.062138923801022206
-0.963981990995 0.06239884082252292
-0.962981490745 0.06279144720728866
-0.961980990495 0.06356385122073813
-0.960980490245 0.06390407027426853
-0.959979989995 0.06482399075798115
-0.958979489745 0.06365971479564542
-0.957978989495 0.06355901831555842
-0.956978489245 0.06340485600400302
-0.955977988994 0.06366119570383837
-0.954977488744 0.06322177983761239
-0.953976988494 0.06391590522995222
-0.952976488244 0.06398136937429381
-0.951975987994 0.06458391752548209
-0.950975487744 0.0642803917453452
-0.949974987494 0.06383384360044195
-0.948974487244 0.06352003009256453
-0.947973986993 0.06342427387546788
-0.946973486743 0.06303777579613658
-0.945972986493 0.06310009890938362
-0.944972486243 0.06191779149754992
-0.943971985993 0.0618699494562608
-0.942971485743 0.062325437391825285
-0.941970985493 0.062827195742064
-0.940970485243 0.06288717697630997
-0.939969984992 0.06303920897992189
-0.938969484742 0.06364715431993727
-0.937968984492 0.06459349861640762
-0.936968484242 0.06576283236540385
-0.935967983992 0.12761455016768886
-0.934967483742 0.11935371326874027
-0.933966983492 0.13198106354134706
-0.932966483242 0.16494366700716007
-0.931965982991 0.1472096727329376
-0.930965482741 0.13859127358824636
-0.929964982491 0.1381606445832551
-0.928964482241 0.17116276973350603
-0.927963981991 0.12616583431077302
-0.926963481741 0.11367355495945668
-0.925962981491 0.10639489854934119
-0.924962481241 0.09935068969467682
-0.92396198099 0.0950954185888748
-0.92296148074 0.09351478361899203
-0.92196098049 0.09001348831599493
-0.92096048024 0.08747869575986537
-0.91995997999 0.08605741849062072
-0.91895947974 0.08481819646806812
-0.91795897949 0.08673032807280824
-0.91695847924 0.08637370548006391
-0.915957978989 0.0857629719760162
-0.914957478739 0.08394559321137633
-0.913956978489 0.08299198849156096
-0.912956478239 0.08554477160349531
-0.911955977989 0.07930471976538965
-0.910955477739 0.058109752913514105
-0.909954977489 0.05097508928529873
-0.908954477239 0.04703647022383859
-0.907953976988 0.0460724549102793
-0.906953476738 0.04612619393405629
-0.905952976488 0.0457021944422685
-0.904952476238 0.04549156172393987
-0.903951975988 0.04524822917384807
-0.902951475738 0.04507798354378398
-0.901950975488 0.04406962828129674
-0.900950475238 0.04426959266971921
-0.899949974987 0.04438263531539203
-0.898949474737 0.04490180654453657
-0.897948974487 0.045744706388514404
-0.896948474237 0.04607850993299877
-0.895947973987 0.04606669579136488
-0.894947473737 0.046701726647606724
-0.893946973487 0.047854465942617636
-0.892946473237 0.049937739965500785
-0.891945972986 0.049220656089968395
-0.890945472736 0.04937510494437488
-0.889944972486 0.050235658926064686
-0.888944472236 0.049570047886441454
-0.887943971986 0.04937405775102027
-0.886943471736 0.049181328194653984
-0.885942971486 0.04966656085391893
-0.884942471236 0.05022998393673604
-0.883941970985 0.0522723391519556
-0.882941470735 0.05405222355107991
-0.881940970485 0.05163362022747951
-0.880940470235 0.052278930033186816
-0.879939969985 0.05416665343750858
-0.878939469735 0.054155457969076434
-0.877938969485 0.05321392140091774
-0.876938469235 0.054195911079345516
-0.875937968984 0.05223698438821458
-0.874937468734 0.051805542529389466
-0.873936968484 0.05072019898630393
-0.872936468234 0.05117981582044184
-0.871935967984 0.051151416233971035
-0.870935467734 0.050876417187259895
-0.869934967484 0.05097976279100444
-0.868934467234 0.052633419222964856
-0.867933966983 0.05292539161417212
-0.866933466733 0.051248055128759615
-0.865932966483 0.05055220973768828
-0.864932466233 0.05035832864810843
-0.863931965983 0.05062223205074481
-0.862931465733 0.051228236898649866
-0.861930965483 0.05119984899582736
-0.860930465233 0.05135635488149552
-0.859929964982 0.05030229464348269
-0.858929464732 0.049984182068700214
-0.857928964482 0.04979604755641294
-0.856928464232 0.05062363495913816
-0.855927963982 0.050377213776167225
-0.854927463732 0.049984911859703454
-0.853926963482 0.049960540227328716
-0.852926463232 0.05025593790202633
-0.851925962981 0.05001335327441855
-0.850925462731 0.04963741483120881
-0.849924962481 0.05036376606877143
-0.848924462231 0.04883754497328831
-0.847923961981 0.04714937340617207
-0.846923461731 0.04661078334863285
-0.845922961481 0.0463603136850747
-0.844922461231 0.046194566554668
-0.84392196098 0.045974192328814244
-0.84292146073 0.045932632473612345
-0.84192096048 0.04589489368970332
-0.84092046023 0.045786662156781587
-0.83991995998 0.045756055235372566
-0.83891945973 0.04495619111191218
-0.83791895948 0.04511135691544632
-0.83691845923 0.045864853479789906
-0.835917958979 0.043942020937075416
-0.834917458729 0.044118721771339436
-0.833916958479 0.044204758508746674
-0.832916458229 0.04422358398126761
-0.831915957979 0.04428070101709205
-0.830915457729 0.0443834919723473
-0.829914957479 0.045009100780223674
-0.828914457229 0.04525382495506553
-0.827913956978 0.04541428611997227
-0.826913456728 0.04638005750717685
-0.825912956478 0.04687210453357521
-0.824912456228 0.047181761051464266
-0.823911955978 0.04802651293451019
-0.822911455728 0.04808159687804724
-0.821910955478 0.04832671803316882
-0.820910455228 0.04861239978623488
-0.819909954977 0.048599965138045015
-0.818909454727 0.049031897438640955
-0.817908954477 0.04923141133240431
-0.816908454227 0.04876029434593991
-0.815907953977 0.04888958820404881
-0.814907453727 0.0489183335765478
-0.813906953477 0.05004477379684468
-0.812906453227 0.05032448931370643
-0.811905952976 0.050423419095968855
-0.810905452726 0.0506750200913964
-0.809904952476 0.05074825789028897
-0.808904452226 0.05084740594936108
-0.807903951976 0.05150528855859029
-0.806903451726 0.051846953417982546
-0.805902951476 0.05351288965340662
-0.804902451226 0.05262786829776248
-0.803901950975 0.05215659645704606
-0.802901450725 0.05207617805486623
-0.801900950475 0.0522609013409943
-0.800900450225 0.052759371225159335
-0.799899949975 0.05203235386382971
-0.798899449725 0.05158646796454611
-0.797898949475 0.05138117051300828
-0.796898449225 0.05137937924729312
-0.795897948974 0.05218967362122175
-0.794897448724 0.052063054687702684
-0.793896948474 0.052008348913971714
-0.792896448224 0.0524346103019527
-0.791895947974 0.052720999415405964
-0.790895447724 0.05341233588334661
-0.789894947474 0.0432834440975301
-0.788894447224 0.043309473969901584
-0.787893946973 0.04341656129428978
-0.786893446723 0.043394335471488854
-0.785892946473 0.04345506183358203
-0.784892446223 0.04353848299049195
-0.783891945973 0.04369019414327146
-0.782891445723 0.043531377454247996
-0.781890945473 0.04320156443649192
-0.780890445223 0.043046067348652725
-0.779889944972 0.042965386564656406
-0.778889444722 0.04287921075329655
-0.777888944472 0.04277835247035467
-0.776888444222 0.042697187182188186
-0.775887943972 0.04287804924783742
-0.774887443722 0.043387269114945566
-0.773886943472 0.04568739048242458
-0.772886443222 0.04603935948363398
-0.771885942971 0.04608738939826128
-0.770885442721 0.04616545714889978
-0.769884942471 0.04589437006564164
-0.768884442221 0.04587742133176984
-0.767883941971 0.046072355153339316
-0.766883441721 0.04584004055561046
-0.765882941471 0.04875059883337547
-0.764882441221 0.048141652150967544
-0.76388194097 0.04979342447749564
-0.76288144072 0.047959237489643765
-0.76188094047 0.047410987064017786
-0.76088044022 0.04721753023979242
-0.75987993997 0.047220591783478004
-0.75887943972 0.04717663828397112
-0.75787893947 0.04772831617456416
-0.75687843922 0.04690620354724378
-0.755877938969 0.0463772519738525
-0.754877438719 0.046128236439816776
-0.753876938469 0.04567951949067281
-0.752876438219 0.04538614670249695
-0.751875937969 0.045281103266632414
-0.750875437719 0.04520010210401683
-0.749874937469 0.045103225909860066
-0.748874437219 0.04503820035056633
-0.747873936968 0.04504657080443383
-0.746873436718 0.045021251074147915
-0.745872936468 0.04514175096769832
-0.744872436218 0.04526648231490287
-0.743871935968 0.045406258428016245
-0.742871435718 0.045661051904723624
-0.741870935468 0.047673558361108856
-0.740870435218 0.04826380542035616
-0.739869934967 0.049837836142983705
-0.738869434717 0.05045911734108552
-0.737868934467 0.051259315982124506
-0.736868434217 0.04933688286443285
-0.735867933967 0.04847212685621952
-0.734867433717 0.04813138638112163
-0.733866933467 0.04803569888742231
-0.732866433217 0.047847320544720476
-0.731865932966 0.04788365487213433
-0.730865432716 0.04786019502773005
-0.729864932466 0.04764875224984233
-0.728864432216 0.047493323295806314
-0.727863931966 0.047558866182561124
-0.726863431716 0.047338048623351905
-0.725862931466 0.046979007809897014
-0.724862431216 0.04650488864766818
-0.723861930965 0.04651833147344526
-0.722861430715 0.046512489346977166
-0.721860930465 0.04649367168454071
-0.720860430215 0.04643807735523314
-0.719859929965 0.04643451140550492
-0.718859429715 0.046473829552576645
-0.717858929465 0.04642645387774019
-0.716858429215 0.046417848769510384
-0.715857928964 0.046415037569909424
-0.714857428714 0.04643863773637068
-0.713856928464 0.04641113502294699
-0.712856428214 0.04634879442452785
-0.711855927964 0.04624441045499474
-0.710855427714 0.04613622089918672
-0.709854927464 0.04604142890286096
-0.708854427214 0.04597611857356957
-0.707853926963 0.04584918318494689
-0.706853426713 0.04583428442040545
-0.705852926463 0.04573239623795522
-0.704852426213 0.04567112586047887
-0.703851925963 0.0455198793145688
-0.702851425713 0.045375354240801115
-0.701850925463 0.04528645125926541
-0.700850425213 0.045177758237265955
-0.699849924962 0.04513632405294292
-0.698849424712 0.04508203673877398
-0.697848924462 0.044927916798081356
-0.696848424212 0.044768716568510065
-0.695847923962 0.0447140441499628
-0.694847423712 0.04472380334331254
-0.693846923462 0.04450956978567264
-0.692846423212 0.04446069576500536
-0.691845922961 0.044452068438366736
-0.690845422711 0.04427555251559022
-0.689844922461 0.04414164885811183
-0.688844422211 0.04243028394253737
-0.687843921961 0.04238856616009394
-0.686843421711 0.04258467156821076
-0.685842921461 0.04290028595218741
-0.684842421211 0.04291770540446071
-0.68384192096 0.04287264709886917
-0.68284142071 0.04259619138065593
-0.68184092046 0.04246121870588331
-0.68084042021 0.042433371868522335
-0.67983991996 0.045235815328399036
-0.67883941971 0.04568594506208899
-0.67783891946 0.04619267062933009
-0.67683841921 0.04498791083133982
-0.675837918959 0.047183141948662015
-0.674837418709 0.04732872265448301
-0.673836918459 0.047374053860145864
-0.672836418209 0.04752810159080273
-0.671835917959 0.04699989664373588
-0.670835417709 0.04635535943884394
-0.669834917459 0.04334290880112008
-0.668834417209 0.04324655580709932
-0.667833916958 0.04340896793807661
-0.666833416708 0.04387709466011693
-0.665832916458 0.041574722243646584
-0.664832416208 0.04122341807435065
-0.663831915958 0.041404808952433286
-0.662831415708 0.04041560257902785
-0.661830915458 0.04031909990681231
-0.660830415208 0.040270634266696234
-0.659829914957 0.04032969905064561
-0.658829414707 0.04029786450791193
-0.657828914457 0.040361971053918894
-0.656828414207 0.0395794529037871
-0.655827913957 0.03969084084879679
-0.654827413707 0.03977550335168109
-0.653826913457 0.03988256375586201
-0.652826413207 0.03989072019582852
-0.651825912956 0.040062438741046216
-0.650825412706 0.040106298396301074
-0.649824912456 0.04015887459299018
-0.648824412206 0.040257227005327106
-0.647823911956 0.04036710924172383
-0.646823411706 0.04073281852767915
-0.645822911456 0.04107513873342247
-0.644822411206 0.041305719761836446
-0.643821910955 0.041651300697386665
-0.642821410705 0.04194085367987968
-0.641820910455 0.04223854277230958
-0.640820410205 0.0426672748342123
-0.639819909955 0.04296920879217232
-0.638819409705 0.04343137218745978
-0.637818909455 0.04396779339616672
-0.636818409205 0.044723620878428565
-0.635817908954 0.04523963983493857
-0.634817408704 0.04607698149767198
-0.633816908454 0.04703078339673345
-0.632816408204 0.046253700460440146
-0.631815907954 0.04677323442960022
-0.630815407704 0.047752363449886155
-0.629814907454 0.04860150690177473
-0.628814407204 0.04654155739769051
-0.627813906953 0.04667166731332291
-0.626813406703 0.04761488183174399
-0.625812906453 0.04677990491568848
-0.624812406203 0.04499195161959448
-0.623811905953 0.04460818782266365
-0.622811405703 0.044811767460836205
-0.621810905453 0.04573107652729131
-0.620810405203 0.046620102413854586
-0.619809904952 0.047596177863519384
-0.618809404702 0.04767271412272582
-0.617808904452 0.04698304584899939
-0.616808404202 0.046816934018291415
-0.615807903952 0.04681080425640668
-0.614807403702 0.047089148458647936
-0.613806903452 0.04785445264069237
-0.612806403202 0.048419923119046845
-0.611805902951 0.048871081419195196
-0.610805402701 0.04981275173334801
-0.609804902451 0.050894284904718694
-0.608804402201 0.05178884232078793
-0.607803901951 0.05320576928703889
-0.606803401701 0.05997663306139064
-0.605802901451 0.048012655942299094
-0.604802401201 0.04975632018451347
-0.60380190095 0.049646058443453954
-0.6028014007 0.04839929256885797
-0.60180090045 0.04839499870027828
-0.6008004002 0.04924155129226419
-0.59979989995 0.0497711957737388
-0.5987993997 0.052021895910179555
-0.59779889945 0.051061925818761913
-0.5967983992 0.050090578737726446
-0.595797898949 0.04964197042330665
-0.594797398699 0.0493069651052087
-0.593796898449 0.04953005797267745
-0.592796398199 0.05044082089248117
-0.591795897949 0.05008640567491848
-0.590795397699 0.050305212360666846
-0.589794897449 0.049047349337238796
-0.588794397199 0.04897455048764961
-0.587793896948 0.049418036512454425
-0.586793396698 0.04937069965406079
-0.585792896448 0.04770302433015064
-0.584792396198 0.04771936808790406
-0.583791895948 0.04763920190344487
-0.582791395698 0.04854817638319345
-0.581790895448 0.04890472907516447
-0.580790395198 0.050027195486742136
-0.579789894947 0.04736984314203925
-0.578789394697 0.04735514694125256
-0.577788894447 0.03835159444092153
-0.576788394197 0.03795410399254334
-0.575787893947 0.03749150445314606
-0.574787393697 0.03737540340514202
-0.573786893447 0.0373537244986241
-0.572786393197 0.03724401387504215
-0.571785892946 0.03713516520249736
-0.570785392696 0.03712960402379748
-0.569784892446 0.03705578010846407
-0.568784392196 0.037075673132259485
-0.567783891946 0.03709959877872974
-0.566783391696 0.037342596758138884
-0.565782891446 0.03734958891961644
-0.564782391196 0.03734004278972564
-0.563781890945 0.037370511768244505
-0.562781390695 0.037361446191386496
-0.561780890445 0.038577642558102546
-0.560780390195 0.03659776719242011
-0.559779889945 0.03839179695492754
-0.558779389695 0.03807036978163625
-0.557778889445 0.03849311853681254
-0.556778389195 0.03715286614949265
-0.555777888944 0.036987479158377336
-0.554777388694 0.036874369296145064
-0.553776888444 0.03659576455283242
-0.552776388194 0.036697205579981185
-0.551775887944 0.036694300678607454
-0.550775387694 0.036568049880709
-0.549774887444 0.03647343717011818
-0.548774387194 0.036542101073107895
-0.547773886943 0.03650458484620456
-0.546773386693 0.036512865456294515
-0.545772886443 0.03664183079084207
-0.544772386193 0.03702108115303548
-0.543771885943 0.037191955325259485
-0.542771385693 0.0368411393017286
-0.541770885443 0.03650906088201789
-0.540770385193 0.03628810397992178
-0.539769884942 0.034704527018705716
-0.538769384692 0.03446484259984038
-0.537768884442 0.033849728442746294
-0.536768384192 0.03365188824534172
-0.535767883942 0.03344537295653972
-0.534767383692 0.03335514328809741
-0.533766883442 0.033273916933173914
-0.532766383192 0.03310563357135735
-0.531765882941 0.03294118146254947
-0.530765382691 0.03291262050596404
-0.529764882441 0.03288412505107184
-0.528764382191 0.0328385757542642
-0.527763881941 0.03305460324187197
-0.526763381691 0.03285311909685263
-0.525762881441 0.03283935133553076
-0.524762381191 0.03276386416373281
-0.52376188094 0.030643991189881207
-0.52276138069 0.03053103759272627
-0.52176088044 0.030369333027441943
-0.52076038019 0.03028589513353642
-0.51975987994 0.030291288616488048
-0.51875937969 0.030312558825995428
-0.51775887944 0.03030882679258322
-0.51675837919 0.030352126322477784
-0.515757878939 0.030438924309049598
-0.514757378689 0.03053569072568076
-0.513756878439 0.030653679729437375
-0.512756378189 0.03013587990237619
-0.511755877939 0.030267075541593694
-0.510755377689 0.03030431822958031
-0.509754877439 0.030320560187200273
-0.508754377189 0.03051756008049536
-0.507753876938 0.030676750084841095
-0.506753376688 0.03082032043244491
-0.505752876438 0.031551522420509175
-0.504752376188 0.03203495605115774
-0.503751875938 0.032275972079800805
-0.502751375688 0.032923526124420684
-0.501750875438 0.033209993151141516
-0.500750375188 0.0328868806789914
-0.499749874937 0.03197679346655016
-0.498749374687 0.031417962931709384
-0.497748874437 0.031250421707335246
-0.496748374187 0.031130282402084274
-0.495747873937 0.031042731662862873
-0.494747373687 0.03080432025826808
-0.493746873437 0.030758649170095742
-0.492746373187 0.03062469367500155
-0.491745872936 0.030753923167381132
-0.490745372686 0.030839484989034494
-0.489744872436 0.03094846640315025
-0.488744372186 0.030967756001038023
-0.487743871936 0.03105012017764673
-0.486743371686 0.031116972576086595
-0.485742871436 0.031331217573599905
-0.484742371186 0.031246257792884993
-0.483741870935 0.031235056471823373
-0.482741370685 0.03122004239148322
-0.481740870435 0.031227052355256645
-0.480740370185 0.031174037821466785
-0.479739869935 0.031148787049493764
-0.478739369685 0.030993834205436645
-0.477738869435 0.031020189423902736
-0.476738369185 0.031017356015930773
-0.475737868934 0.03160068557335151
-0.474737368684 0.03118981256423478
-0.473736868434 0.031006649310980804
-0.472736368184 0.03111522505207911
-0.471735867934 0.03118705756606284
-0.470735367684 0.031188752405503156
-0.469734867434 0.031279652424574575
-0.468734367184 0.031373151948691384
-0.467733866933 0.031523688425597725
-0.466733366683 0.031418066020887814
-0.465732866433 0.03139180632718141
-0.464732366183 0.03149408186483731
-0.463731865933 0.031326633721476725
-0.462731365683 0.031674630226816144
-0.461730865433 0.03205925722892103
-0.460730365183 0.03194570004572825
-0.459729864932 0.03185554737591804
-0.458729364682 0.031408976736981405
-0.457728864432 0.03133624286670788
-0.456728364182 0.03117194667662395
-0.455727863932 0.03115525661448864
-0.454727363682 0.031106084629186122
-0.453726863432 0.031109629542374295
-0.452726363182 0.03204665373490172
-0.451725862931 0.03458456797989996
-0.450725362681 0.034703810908295225
-0.449724862431 0.0352760050137284
-0.448724362181 0.03513819692247994
-0.447723861931 0.03981158558292256
-0.446723361681 0.04115088084513756
-0.445722861431 0.041279807188646565
-0.444722361181 0.04227750938097791
-0.44372186093 0.04202085563759023
-0.44272136068 0.0424579738599845
-0.44172086043 0.04271784412680466
-0.44072036018 0.04273044965774851
-0.43971985993 0.04333452391897648
-0.43871935968 0.04423495992447183
-0.43771885943 0.04601856190581524
-0.43671835918 0.046290997748554434
-0.435717858929 0.04794583699480014
-0.434717358679 0.046645459974015736
-0.433716858429 0.04586410475122023
-0.432716358179 0.045535436893053394
-0.431715857929 0.045488570933545046
-0.430715357679 0.046036808855660576
-0.429714857429 0.04784852281880339
-0.428714357179 0.046687159082660204
-0.427713856928 0.046907141328052945
-0.426713356678 0.04762064515557954
-0.425712856428 0.050190742993034915
-0.424712356178 0.04965223031940744
-0.423711855928 0.04866155023884951
-0.422711355678 0.048591389497685857
-0.421710855428 0.047582665359236456
-0.420710355178 0.046187078399364666
-0.419709854927 0.04524885425508448
-0.418709354677 0.044049752357385494
-0.417708854427 0.04359860065430879
-0.416708354177 0.042687085635234254
-0.415707853927 0.04140054435547093
-0.414707353677 0.038861074033629914
-0.413706853427 0.03751886875004461
-0.412706353177 0.0365513907998739
-0.411705852926 0.03561934562699609
-0.410705352676 0.03490276427161419
-0.409704852426 0.0344353235056605
-0.408704352176 0.03366955898556209
-0.407703851926 0.03322695858517653
-0.406703351676 0.03277004158540428
-0.405702851426 0.032234777051903474
-0.404702351176 0.03191802632650601
-0.403701850925 0.03159018984622034
-0.402701350675 0.03103544084205741
-0.401700850425 0.030735961957965054
-0.400700350175 0.030401222272633602
-0.399699849925 0.030124650906041363
-0.398699349675 0.029816401249238126
-0.397698849425 0.02966301174123298
-0.396698349175 0.02938800142108051
-0.395697848924 0.029228597285252306
-0.394697348674 0.028844089782931216
-0.393696848424 0.028495889062543717
-0.392696348174 0.02835512252099866
-0.391695847924 0.02799956065478765
-0.390695347674 0.027661270111361866
-0.389694847424 0.02733103157630309
-0.388694347174 0.02710243910040814
-0.387693846923 0.026826003121204544
-0.386693346673 0.02659791019562024
-0.385692846423 0.02633527175041265
-0.384692346173 0.02603343589377372
-0.383691845923 0.02582660915011764
-0.382691345673 0.02564829589406123
-0.381690845423 0.025418956249514096
-0.380690345173 0.025233777013868468
-0.379689844922 0.02507479631303367
-0.378689344672 0.02484713983785784
-0.377688844422 0.02463364561190238
-0.376688344172 0.024427688414044836
-0.375687843922 0.02427699281341062
-0.374687343672 0.02412679040165525
-0.373686843422 0.02398410912893612
-0.372686343172 0.02382215631754384
-0.371685842921 0.02363555998151475
-0.370685342671 0.023526255321192485
-0.369684842421 0.023370929501800086
-0.368684342171 0.023221014174623012
-0.367683841921 0.023089115028616998
-0.366683341671 0.02297091335805246
-0.365682841421 0.022825664797349456
-0.364682341171 0.022691183686395514
-0.36368184092 0.022551274090263963
-0.36268134067 0.0224195946978851
-0.36168084042 0.02230028108168538
-0.36068034017 0.022201921230081877
-0.35967983992 0.022061606029731652
-0.35867933967 0.021941920983365452
-0.35767883942 0.02177005766864589
-0.35667833917 0.02161279931608337
-0.355677838919 0.021505510990515644
-0.354677338669 0.021371421860938322
-0.353676838419 0.021242403454137592
-0.352676338169 0.021138150740165007
-0.351675837919 0.021084651689818153
-0.350675337669 0.020979553331225864
-0.349674837419 0.020900073944445555
-0.348674337169 0.020655042619419844
-0.347673836918 0.02042144440638819
-0.346673336668 0.020240305261535124
-0.345672836418 0.020083765398684356
-0.344672336168 0.01990886870423131
-0.343671835918 0.019789631878763522
-0.342671335668 0.01966584581004747
-0.341670835418 0.01958703180077223
-0.340670335168 0.019520584741982473
-0.339669834917 0.01931684315381488
-0.338669334667 0.019172807725659553
-0.337668834417 0.019024418159120732
-0.336668334167 0.019057143518600744
-0.335667833917 0.01891446865597076
-0.334667333667 0.018370601790709935
-0.333666833417 0.01803836202923955
-0.332666333167 0.017937216976856296
-0.331665832916 0.01779832292851914
-0.330665332666 0.01773444736983192
-0.329664832416 0.0176353337340807
-0.328664332166 0.0176061454970922
-0.327663831916 0.017514364199960917
-0.326663331666 0.017410602867705006
-0.325662831416 0.01731693824900195
-0.324662331166 0.017223248112507736
-0.323661830915 0.017248760366070964
-0.322661330665 0.01741467649779288
-0.321660830415 0.01724325379766971
-0.320660330165 0.01738221785743839
-0.319659829915 0.016948734574675835
-0.318659329665 0.01626990613906737
-0.317658829415 0.016215723551724334
-0.316658329165 0.015991410224421496
-0.315657828914 0.015858497497785652
-0.314657328664 0.01574726466610623
-0.313656828414 0.015597655452060497
-0.312656328164 0.015508213408032332
-0.311655827914 0.015447371107220402
-0.310655327664 0.015412511700483427
-0.309654827414 0.01498952138831256
-0.308654327164 0.014834499610327432
-0.307653826913 0.014810464033132364
-0.306653326663 0.01479691517240648
-0.305652826413 0.014729500810783962
-0.304652326163 0.01464180290998355
-0.303651825913 0.01455807969790422
-0.302651325663 0.014422565261291216
-0.301650825413 0.014354129469065481
-0.300650325163 0.014317269531437358
-0.299649824912 0.014275785723883966
-0.298649324662 0.014191709538125912
-0.297648824412 0.014112738035907409
-0.296648324162 0.015015503548290635
-0.295647823912 0.013855687859145614
-0.294647323662 0.01361996986994907
-0.293646823412 0.013512644975126388
-0.292646323162 0.01310864025839741
-0.291645822911 0.013099582735038372
-0.290645322661 0.01301302531098362
-0.289644822411 0.012961331883713024
-0.288644322161 0.012896000228812505
-0.287643821911 0.01287538855693109
-0.286643321661 0.012855951597624572
-0.285642821411 0.012820020893272535
-0.284642321161 0.012791491018181106
-0.28364182091 0.012773653243660758
-0.28264132066 0.01278966300391018
-0.28164082041 0.012792839791560665
-0.28064032016 0.012813181153037636
-0.27963981991 0.01284829788054318
-0.27863931966 0.012867410694146951
-0.27763881941 0.01288371519119345
-0.27663831916 0.01295601891690044
-0.275637818909 0.013021234220318516
-0.274637318659 0.013095280119810196
-0.273636818409 0.013195316258180989
-0.272636318159 0.013356529244243852
-0.271635817909 0.01350195018594613
-0.270635317659 0.013708438738541866
-0.269634817409 0.013913085712015166
-0.268634317159 0.014139828591487963
-0.267633816908 0.014301948284105092
-0.266633316658 0.014522053414295627
-0.265632816408 0.014902107044079821
-0.264632316158 0.015413509652506017
-0.263631815908 0.016286533216678504
-0.262631315658 0.01875604936859764
-0.261630815408 0.0231135765880508
-0.260630315158 0.02026137568253221
-0.259629814907 0.018969684461532712
-0.258629314657 0.01843191292218956
-0.257628814407 0.017725323356593242
-0.256628314157 0.017368930197184582
-0.255627813907 0.01706234324301458
-0.254627313657 0.016952232729375686
-0.253626813407 0.01677919273629914
-0.252626313157 0.016681254999668264
-0.251625812906 0.016982023556368887
-0.250625312656 0.015340622950697795
-0.249624812406 0.015984679663406113
-0.248624312156 0.016063733837334664
-0.247623811906 0.01592470846115547
-0.246623311656 0.015911737697685422
-0.245622811406 0.016022487857201256
-0.244622311156 0.015972488460779137
-0.243621810905 0.016032987295666854
-0.242621310655 0.015860131267906315
-0.241620810405 0.015696247190468793
-0.240620310155 0.015560317251237911
-0.239619809905 0.01548374022875001
-0.238619309655 0.015473284365396297
-0.237618809405 0.015449775768222708
-0.236618309155 0.015427961561549816
-0.235617808904 0.015468037905756897
-0.234617308654 0.015667045758456635
-0.233616808404 0.016224630954029495
-0.232616308154 0.0166040046255787
-0.231615807904 0.017740950538418412
-0.230615307654 0.017713165937418927
-0.229614807404 0.016841780037193974
-0.228614307154 0.01659144401760502
-0.227613806903 0.01633472955723029
-0.226613306653 0.01614210167354708
-0.225612806403 0.016093264452598833
-0.224612306153 0.01785035454880826
-0.223611805903 0.016126142965234957
-0.222611305653 0.015785516275292816
-0.221610805403 0.01568962838627657
-0.220610305153 0.01574307381554243
-0.219609804902 0.016081309649874326
-0.218609304652 0.015825026010062047
-0.217608804402 0.016067951314147188
-0.216608304152 0.015446821526611343
-0.215607803902 0.01558370673723549
-0.214607303652 0.015552377014731944
-0.213606803402 0.014965203630919516
-0.212606303152 0.014636420915780213
-0.211605802901 0.014475259440710006
-0.210605302651 0.014288278090171781
-0.209604802401 0.014246044093334667
-0.208604302151 0.01428531040623804
-0.207603801901 0.01429251108414062
-0.206603301651 0.014145536312618627
-0.205602801401 0.014075545386784013
-0.204602301151 0.014031388713417386
-0.2036018009 0.014036055442348257
-0.20260130065 0.014124979951143684
-0.2016008004 0.014342031359792288
-0.20060030015 0.014681473350864036
-0.1995997999 0.014712963029349137
-0.19859929965 0.01498206263796399
-0.1975987994 0.013737107324701672
-0.19659829915 0.01350710982632661
-0.195597798899 0.013479830372303936
-0.194597298649 0.013272246964862566
-0.193596798399 0.013453105682209771
-0.192596298149 0.013651305284022239
-0.191595797899 0.013471493124363127
-0.190595297649 0.013213392478101804
-0.189594797399 0.013243147018439708
-0.188594297149 0.013222190578341037
-0.187593796898 0.013116894848427868
-0.186593296648 0.013039766591434477
-0.185592796398 0.012955141912459668
-0.184592296148 0.012975934284954565
-0.183591795898 0.0129866181238813
-0.182591295648 0.012897863212727205
-0.181590795398 0.012878826328850642
-0.180590295148 0.013000070445696914
-0.179589794897 0.013020444446226515
-0.178589294647 0.012907410298525712
-0.177588794397 0.013063865637890408
-0.176588294147 0.012837586477793476
-0.175587793897 0.012855100757117826
-0.174587293647 0.01254159283963449
-0.173586793397 0.01247608970656945
-0.172586293147 0.009611486892662502
-0.171585792896 0.009645680445240277
-0.170585292646 0.00977059136850118
-0.169584792396 0.009918178149003396
-0.168584292146 0.00982192320881425
-0.167583791896 0.009592191475380443
-0.166583291646 0.009442965292175764
-0.165582791396 0.009258031314459444
-0.164582291146 0.009189272290604
-0.163581790895 0.009141713213973768
-0.162581290645 0.009099102602872815
-0.161580790395 0.009078546888327897
-0.160580290145 0.009048716348019082
-0.159579789895 0.009033950003328316
-0.158579289645 0.009060660561960435
-0.157578789395 0.009091311471831509
-0.156578289145 0.009139804789694223
-0.155577788894 0.009165687017454372
-0.154577288644 0.009294307528160793
-0.153576788394 0.009275068696403349
-0.152576288144 0.00923569718939137
-0.151575787894 0.009185683255597866
-0.150575287644 0.009152582319136533
-0.149574787394 0.009197323622084353
-0.148574287144 0.00926403682304684
-0.147573786893 0.009314218870618512
-0.146573286643 0.009422040690068
-0.145572786393 0.009599092454516595
-0.144572286143 0.009639436734589803
-0.143571785893 0.009563671471948207
-0.142571285643 0.009490142900208548
-0.141570785393 0.009500788688845718
-0.140570285143 0.00957483119548597
-0.139569784892 0.009727707969491257
-0.138569284642 0.009667598795856235
-0.137568784392 0.009758195699628065
-0.136568284142 0.009620050093180676
-0.135567783892 0.009484201343014274
-0.134567283642 0.009806527661576686
-0.133566783392 0.010015661175197112
-0.132566283142 0.01003743289445252
-0.131565782891 0.009889570313794392
-0.130565282641 0.01027780684929205
-0.129564782391 0.010760425305694559
-0.128564282141 0.01128544004967691
-0.127563781891 0.014776717784873307
-0.126563281641 0.002254448284164021
-0.125562781391 0.0022272016687127283
-0.124562281141 0.0022119468641087817
-0.12356178089 0.002178702345621507
-0.12256128064 0.0020904287892181362
-0.12156078039 0.002006740286552684
-0.12056028014 0.001956002997955574
-0.11955977989 0.001927808912091714
-0.11855927964 0.0018938904556953077
-0.11755877939 0.0018562796534252884
-0.11655827914 0.0018186527021546589
-0.115557778889 0.001791800986941547
-0.114557278639 0.0017578847390458156
-0.113556778389 0.00172613261712153
-0.112556278139 0.0017004499097479026
-0.111555777889 0.0016718022806947765
-0.110555277639 0.0016483812183572168
-0.109554777389 0.0016168703725192033
-0.108554277139 0.0015850794889270647
-0.107553776888 0.0015493720706016155
-0.106553276638 0.0015096681841193593
-0.105552776388 0.0014749771486017634
-0.104552276138 0.0014435892671093486
-0.103551775888 0.0014212317219073284
-0.102551275638 0.0013939783568170808
-0.101550775388 0.0013404047921121319
-0.100550275138 0.001279852885573944
-0.0995497748874 0.0012106715217746406
-0.0985492746373 0.0011541969451599008
-0.0975487743872 0.0011260675304377993
-0.0965482741371 0.0011012205581822647
-0.0955477738869 0.001068228550499991
-0.0945472736368 0.0010373620743492535
-0.0935467733867 0.0010143180222428024
-0.0925462731366 0.000990589131461207
-0.0915457728864 0.0009645237871921381
-0.0905452726363 0.0009324856030312274
-0.0895447723862 0.0009179543330911857
-0.0885442721361 0.0008945939398367442
-0.0875437718859 0.0008626478504016498
-0.0865432716358 0.0008501445265426113
-0.0855427713857 0.0008229650674596088
-0.0845422711356 0.0009231016887706266
-0.0835417708854 0.0007837268695427684
-0.0825412706353 0.000774915644222289
-0.0815407703852 0.000766572769034544
-0.0805402701351 0.0007391908158768314
-0.0795397698849 0.0007209624855111952
-0.0785392696348 0.0007038875539035698
-0.0775387693847 0.0006868924807456093
-0.0765382691346 0.0006740663237229902
-0.0755377688844 0.0006636387792100083
-0.0745372686343 0.0006505447589650145
-0.0735367683842 0.0006363349267813364
-0.0725362681341 0.0006241743670335965
-0.0715357678839 0.0006133768760401962
-0.0705352676338 0.0006023732162205781
-0.0695347673837 0.0005858573518363886
-0.0685342671336 0.0005794522901714667
-0.0675337668834 0.0005699413670168416
-0.0665332666333 0.0005609643676185823
-0.0655327663832 0.0005500607548069881
-0.0645322661331 0.0005382906774427764
-0.0635317658829 0.0005312909078300502
-0.0625312656328 0.0005184711290064189
-0.0615307653827 0.0005126561702664403
-0.0605302651326 0.0005084692697731686
-0.0595297648824 0.0005009815645656844
-0.0585292646323 0.0004924772153759962
-0.0575287643822 0.00047990686066933734
-0.0565282641321 0.00046866690059630957
-0.0555277638819 0.0004699979990500806
-0.0545272636318 0.00046909961653521584
-0.0535267633817 0.0004646852461223232
-0.0525262631316 0.00045332995470706095
-0.0515257628814 0.00043996832335480067
-0.0505252626313 0.00044092412173407853
-0.0495247623812 0.0004477105492931065
-0.0485242621311 0.00045011354970328547
-0.0475237618809 0.0004423578140121893
-0.0465232616308 0.00048727232215517034
-0.0455227613807 0.00045580043418796815
-0.0445222611306 0.0004134859342098257
-0.0435217608804 0.00046549686026600603
-0.0425212606303 0.0007238090941601979
-0.0415207603802 0.0007219853049856093
-0.0405202601301 0.0007366295756075831
-0.0395197598799 0.0007520966822379284
-0.0385192596298 0.0007466891999503009
-0.0375187593797 0.0007311820315085345
-0.0365182591296 0.0007222029776878429
-0.0355177588794 0.0007401736038728382
-0.0345172586293 0.0007631509233499991
-0.0335167583792 0.000728966415298204
-0.0325162581291 0.0007226260357003893
-0.0315157578789 0.0007741084572164361
-0.0305152576288 0.0007144436229848463
-0.0295147573787 0.0008291370092252877
-0.0285142571286 0.00011901058976355672
-0.0275137568784 0.00011837981387225583
-0.0265132566283 0.00011783368227719132
-0.0255127563782 0.00011735869354338698
-0.0245122561281 0.00011630181425749763
-0.0235117558779 0.00011561946605944933
-0.0225112556278 0.00011493419816931532
-0.0215107553777 0.00011422949077423159
-0.0205102551276 0.00011354039157477174
-0.0195097548774 0.00011293716100901262
-0.0185092546273 0.00011202548432904696
-0.0175087543772 0.00011088775809901813
-0.0165082541271 0.00010989974201862016
-0.0155077538769 0.00011271235286007555
-0.0145072536268 0.0001056394814410819
-0.0135067533767 0.00010367490437786505
-0.0125062531266 0.00010206683075122094
-0.0115057528764 0.00010060210413544436
-0.0105052526263 0.00010056971439700543
-0.00950475237619 9.887807655074534e-05
-0.00850425212606 9.624476910534902e-05
-0.00750375187594 9.36738155046351e-05
-0.00650325162581 9.219734423574849e-05
-0.00550275137569 8.957154600785811e-05
-0.00450225112556 8.795246830375838e-05
-0.00350175087544 8.603934669553224e-05
-0.00250125062531 8.3985912503978e-05
-0.00150075037519 8.108942255102589e-05
-0.000500250125063 7.848675566467708e-05
0.000500250125063 7.96547357281651e-05
0.00150075037519 7.91787088309746e-05
0.00250125062531 8.530566702740901e-05
0.00350175087544 6.12966848597448e-05
0.00450225112556 1.85641086686556e-05
0.00550275137569 2.2803962930276994e-05
0.00650325162581 2.7043817191898343e-05
0.00750375187594 3.128367145351971e-05
0.00850425212606 3.538005228401858e-05
0.00950475237619 3.942710933711175e-05
0.0105052526263 5.4281537534244523e-05
0.0115057528764 5.408105904995025e-05
0.0125062531266 5.521600285579715e-05
0.0135067533767 5.704363257723126e-05
0.0145072536268 6.382204086697663e-05
0.0155077538769 7.060044915672084e-05
0.0165082541271 7.737885744646495e-05
0.0175087543772 8.415726573620917e-05
0.0185092546273 9.083768705184941e-05
0.0195097548774 9.737770649057793e-05
0.0205102551276 9.744881892018785e-05
0.0215107553777 0.00011453445463285202
0.0225112556278 0.00011694202216191155
0.0235117558779 0.00011934958969097117
0.0245122561281 0.00012192259339320003
0.0255127563782 0.00012507693581330056
0.0265132566283 0.0001353958345093769
0.0275137568784 0.00014571473320545324
0.0285142571286 0.0001560336319015297
0.0295147573787 0.00016635253059760628
0.0305152576288 0.00017667103676921781
0.0315157578789 0.0001869254094429379
0.0325162581291 0.00018114306713700525
0.0335167583792 0.00020219966501459162
0.0345172586293 0.00020582994951587243
0.0355177588794 0.00020962047544037724
0.0365182591296 0.00021341100136488351
0.0375187593797 0.0002172015272893883
0.0385192596298 0.00022752014449900124
0.0395197598799 0.00024243638131423318
0.0405202601301 0.0002573766356087914
0.0415207603802 0.0002723174027088812
0.0425212606303 0.000287258169808972
0.0435217608804 0.00030051536465446993
0.0445222611306 0.00028941974555798066
0.0455227613807 0.0003131782442427297
0.0465232616308 0.0003182205891426318
0.0475237618809 0.00032325659655315666
0.0485242621311 0.00032822182594122515
0.0495247623812 0.00033320315313430256
0.0505252626313 0.00034493785870507793
0.0515257628814 0.00036402696684300235
0.0525262631316 0.00038307891973807657
0.0535267633817 0.000402130872633151
0.0545272636318 0.00042118282552822595
0.0555277638819 0.0004234964810693323
0.0565282641321 0.00041025083075077804
0.0575287643822 0.00043481495761249115
0.0585292646323 0.0004412810923693165
0.0595297648824 0.0004477422943019108
0.0605302651326 0.00045541253811332607
0.0615307653827 0.00046353237902145903
0.0625312656328 0.0004718538172400208
0.0635317658829 0.0004901970359517028
0.0645322661331 0.0005085402546633833
0.0655327663832 0.0005176792760001995
0.0665332666333 0.0005386024358055464
0.0675337668834 0.0005270298542775865
0.0685342671336 0.0005224066190039846
0.0695347673837 0.0005179021101734883
0.0705352676338 0.0005160135196719906
0.0715357678839 0.0005409316860130946
0.0725362681341 0.0005411136851596833
0.0735367683842 0.0005410506465614425
0.0745372686343 0.0005409570892628589
0.0755377688844 0.0005146889974443148
0.0765382691346 0.0005499385553252975
0.0775387693847 0.0005495678401863041
0.0785392696348 0.0005449859104972807
0.0795397698849 0.0005228228382334435
0.0805402701351 0.0005176072255676924
0.0815407703852 0.000535742246427237
0.0825412706353 0.0005238979050561601
0.0835417708854 0.0005120535024190547
0.0845422711356 0.0005010250869447708
0.0855427713857 0.0005049887307921874
0.0865432716358 0.0005320811658362509
0.0875437718859 0.0005440457634164103
0.0885442721361 0.0005432246167173536
0.0895447723862 0.0005416988349445209
0.0905452726363 0.0005435073105801579
0.0915457728864 0.0005578554735085008
0.0925462731366 0.000567563969289831
0.0935467733867 0.0005733212519055564
0.0945472736368 0.0005773528419944619
0.0955477738869 0.0005834046069440232
0.0965482741371 0.000589680489529441
0.0975487743872 0.0005944887743684767
0.0985492746373 0.000599639937257226
0.0995497748874 0.0006113843861448108
0.100550275138 0.0006188747903207184
0.101550775388 0.0006307135430679609
0.102551275638 0.0006395715972510056
0.103551775888 0.0006482523199920175
0.104552276138 0.0006562930607701156
0.105552776388 0.0006642744618478567
0.106553276638 0.000802519356856111
0.107553776888 0.000813353150431929
0.108554277139 0.0008318292768508903
0.109554777389 0.0008297747309913985
0.110555277639 0.0008284574243362904
0.111555777889 0.0008349352432409409
0.112556278139 0.0008422555431482167
0.113556778389 0.0008556697366774273
0.114557278639 0.0008623608701261829
0.115557778889 0.0008662118313749566
0.11655827914 0.0008754400230309111
0.11755877939 0.0008770779222076467
0.11855927964 0.0008824704948645442
0.11955977989 0.0008876291956338143
0.12056028014 0.0008940982274316483
0.12156078039 0.0009031724742014631
0.12256128064 0.000912050314767289
0.12356178089 0.0009186489642108625
0.124562281141 0.0009566076685831381
0.125562781391 0.0009691228540565428
0.126563281641 0.0009742646161199188
0.127563781891 0.0009803266323164187
0.128564282141 0.0009842449075491645
0.129564782391 0.0009885002293067216
0.130565282641 0.0009948363279820732
0.131565782891 0.0009983978992457176
0.132566283142 0.0010037682580615363
0.133566783392 0.0010058657197447444
0.134567283642 0.0010116094997273297
0.135567783892 0.001019250873816814
0.136568284142 0.0010261374774405488
0.137568784392 0.0011448742190272245
0.138569284642 0.0016484234440766773
0.139569784892 0.0016456615908218865
0.140570285143 0.0015961793068274511
0.141570785393 0.0016299216560960016
0.142571285643 0.0016789931213299209
0.143571785893 0.0016961529407709783
0.144572286143 0.001667871688620825
0.145572786393 0.0016551636003009696
0.146573286643 0.0016562526381815354
0.147573786893 0.001670286498856114
0.148574287144 0.0016898858996340941
0.149574787394 0.0017108016433921838
0.150575287644 0.00172691895032907
0.151575787894 0.0017303385656374964
0.152576288144 0.0017299470646189145
0.153576788394 0.001730078794271749
0.154577288644 0.0017308075926035812
0.155577788894 0.001810706963893249
0.156578289145 0.0018485619234874717
0.157578789395 0.0018434661992293307
0.158579289645 0.001856671860030596
0.159579789895 0.0018740737999918908
0.160580290145 0.001880544967594767
0.161580790395 0.0018732231025141292
0.162581290645 0.0018708021388772306
0.163581790895 0.0018685518630824469
0.164582291146 0.0018659151941381946
0.165582791396 0.0018738757638153364
0.166583291646 0.0018817020694534472
0.167583791896 0.0018908913756196812
0.168584292146 0.0019014876756307867
0.169584792396 0.0019121811843219375
0.170585292646 0.0019092215516105925
0.171585792896 0.0019151495030269809
0.172586293147 0.0019260320598654442
0.173586793397 0.001932301903908891
0.174587293647 0.0019451398355245435
0.175587793897 0.0019593783096285527
0.176588294147 0.0019569785682618406
0.177588794397 0.001954892841453205
0.178589294647 0.001954245086428881
0.179589794897 0.0019554492369907
0.180590295148 0.001953381254218222
0.181590795398 0.001952265207781691
0.182591295648 0.0019540375477740753
0.183591795898 0.0019569072368484696
0.184592296148 0.0019597136694222412
0.185592796398 0.001962584549051184
0.186593296648 0.0019668946310170423
0.187593796898 0.0019707788163361344
0.188594297149 0.001978235572120221
0.189594797399 0.0019853879051272174
0.190595297649 0.001989270710184711
0.191595797899 0.0019949330842394305
0.192596298149 0.002000317393999979
0.193596798399 0.0020054275181354084
0.194597298649 0.0020412430491383066
0.195597798899 0.0032493189246174284
0.19659829915 0.0034641467294615237
0.1975987994 0.0031740311378460942
0.19859929965 0.002958225260982927
0.1995997999 0.0029659229570420083
0.20060030015 0.002996425989222089
0.2016008004 0.0030048764827335073
0.20260130065 0.0029276638015139312
0.2036018009 0.0029139732098989227
0.204602301151 0.0029196883778581056
0.205602801401 0.0029301293263401893
0.206603301651 0.002942211848726137
0.207603801901 0.0029551909154778067
0.208604302151 0.002967073775028497
0.209604802401 0.0029491366169900786
0.210605302651 0.0029365176128167843
0.211605802901 0.002936389283059155
0.212606303152 0.002936981949394482
0.213606803402 0.00294311959146763
0.214607303652 0.0029476755115246736
0.215607803902 0.0029526384165921103
0.216608304152 0.0029643535210854004
0.217608804402 0.0029764433398896412
0.218609304652 0.0029775465012517413
0.219609804902 0.002977659347693938
0.220610305153 0.002972945728915346
0.221610805403 0.00298360229308935
0.222611305653 0.0029845683167653942
0.223611805903 0.002984610213399334
0.224612306153 0.002985830643495656
0.225612806403 0.0029889323801147536
0.226613306653 0.002999988241350854
0.227613806903 0.003003395482556068
0.228614307154 0.0030138838946584105
0.229614807404 0.0030228738030422895
0.230615307654 0.0030314700902882214
0.231615807904 0.0030282683074116567
0.232616308154 0.0030180872835292617
0.233616808404 0.0030060995744502885
0.234617308654 0.0029961362467984622
0.235617808904 0.003001835377430375
0.236618309155 0.0030121758905754066
0.237618809405 0.0030010626754630215
0.238619309655 0.0030046550992042834
0.239619809905 0.0030135573139219406
0.240620310155 0.0030242221358271547
0.241620810405 0.0030295831721162837
0.242621310655 0.0030348335967731697
0.243621810905 0.0030400112160921264
0.244622311156 0.0030424602686124195
0.245622811406 0.003059478709503904
0.246623311656 0.0030713719740344415
0.247623811906 0.0030742990562745206
0.248624312156 0.0030817608752406927
0.249624812406 0.003079625946019028
0.250625312656 0.0030810516333591538
0.251625812906 0.003074458730942148
0.252626313157 0.0030730934262885603
0.253626813407 0.003069074273342645
0.254627313657 0.003065277684510483
0.255627813907 0.003063762863113947
0.256628314157 0.003078802035779634
0.257628814407 0.0030896734718541922
0.258629314657 0.003100387891641459
0.259629814907 0.0031115529980601767
0.260630315158 0.003116958133235367
0.261630815408 0.0031250208067795417
0.262631315658 0.0031348146171242654
0.263631815908 0.003148974284153152
0.264632316158 0.003159443182551748
0.265632816408 0.0031710407714293995
0.266633316658 0.003180855136408124
0.267633816908 0.003187590540699907
0.268634317159 0.003205687737071858
0.269634817409 0.0032171611289055096
0.270635317659 0.0032263865285938166
0.271635817909 0.0032604667032418776
0.272636318159 0.0033091379895469125
0.273636818409 0.0033609429266016136
0.274637318659 0.0034808373833256343
0.275637818909 0.003423624815818437
0.27663831916 0.00344795374967453
0.27763881941 0.003442171805441358
0.27863931966 0.0034655029835214133
0.27963981991 0.003490742406830353
0.28064032016 0.0035431346870568974
0.28164082041 0.003567930549659021
0.28264132066 0.0035852637987121736
0.28364182091 0.003599582278235649
0.284642321161 0.003612490159216923
0.285642821411 0.0036300911672828063
0.286643321661 0.0036555259785519163
0.287643821911 0.0036730441043879435
0.288644322161 0.0036999928248445807
0.289644822411 0.003730217408392807
0.290645322661 0.0037572745891384283
0.291645822911 0.00377757481757074
0.292646323162 0.00379697310997717
0.293646823412 0.0038169149143454117
0.294647323662 0.0038380640412998255
0.295647823912 0.0038616952151592793
0.296648324162 0.003884490022326113
0.297648824412 0.003914984549676503
0.298649324662 0.003920730880008037
0.299649824912 0.003976482475514011
0.300650325163 0.004005591048066832
0.301650825413 0.004074008537688154
0.302651325663 0.004188160668230025
0.303651825913 0.004580422897821094
0.304652326163 0.0042254608582886835
0.305652826413 0.00425675683004653
0.306653326663 0.004288429674333517
0.307653826913 0.004332186968569102
0.308654327164 0.004376608088681983
0.309654827414 0.0044093069923361525
0.310655327664 0.0044488592806132795
0.311655827914 0.004494462337890444
0.312656328164 0.004545747950377793
0.313656828414 0.004574494210657585
0.314657328664 0.004615949200733672
0.315657828914 0.004660884245065774
0.316658329165 0.004721093783722687
0.317658829415 0.004782424480683739
0.318659329665 0.004817322049952195
0.319659829915 0.004941919589438836
0.320660330165 0.005029100022091726
0.321660830415 0.005009389707089589
0.322661330665 0.005000775214547951
0.323661830915 0.005007004544637588
0.324662331166 0.005184703054010899
0.325662831416 0.00538221250609957
0.326663331666 0.005322494102278663
0.327663831916 0.005407210890589039
0.328664332166 0.005661420836149141
0.329664832416 0.0057290811157252874
0.330665332666 0.005588040730179355
0.331665832916 0.005503612546870175
0.332666333167 0.0055013455442492025
0.333666833417 0.005473416205392167
0.334667333667 0.005450114528997894
0.335667833917 0.0054270896717590715
0.336668334167 0.005443470213072777
0.337668834417 0.0054664319323139065
0.338669334667 0.005546093485959335
0.339669834917 0.005625016465195453
0.340670335168 0.005703634219219947
0.341670835418 0.0059502652609743295
0.342671335668 0.005810293582047681
0.343671835918 0.005727112427017039
0.344672336168 0.00567309749092618
0.345672836418 0.005622906204162888
0.346673336668 0.005581571717225256
0.347673836918 0.005578099957291277
0.348674337169 0.005606759718371036
0.349674837419 0.005638353506418953
0.350675337669 0.005692073107973113
0.351675837919 0.005730159312555946
0.352676338169 0.005657361781050667
0.353676838419 0.005671220047445334
0.354677338669 0.005693171567354775
0.355677838919 0.005720351773933657
0.35667833917 0.0057778764087974615
0.35767883942 0.005731513046484512
0.35867933967 0.00572741138492941
0.35967983992 0.00573031803283467
0.36068034017 0.005739014770210828
0.36168084042 0.005750486848925814
0.36268134067 0.005769529364418467
0.36368184092 0.005797683282823559
0.364682341171 0.005819619486742159
0.365682841421 0.005841050558849248
0.366683341671 0.005841081133273999
0.367683841921 0.005856442220901149
0.368684342171 0.005870973749402632
0.369684842421 0.005879477488456683
0.370685342671 0.00589269314721271
0.371685842921 0.0059237798118448185
0.372686343172 0.005950830585222617
0.373686843422 0.005978045422718611
0.374687343672 0.0059923875763531614
0.375687843922 0.006002580763771809
0.376688344172 0.006017319715466832
0.377688844422 0.006034262853936182
0.378689344672 0.0060507627029511785
0.379689844922 0.006071455270414593
0.380690345173 0.006096767307774224
0.381690845423 0.006117818027069753
0.382691345673 0.006140566481273923
0.383691845923 0.006174403176587752
0.384692346173 0.006208555005862822
0.385692846423 0.006320192679476287
0.386693346673 0.006456546026108402
0.387693846923 0.006616607205852419
0.388694347174 0.007005096378489204
0.389694847424 0.006795567200798171
0.390695347674 0.006774492311332265
0.391695847924 0.006853717021577412
0.392696348174 0.006940917108256449
0.393696848424 0.006924448330622303
0.394697348674 0.006953126297827923
0.395697848924 0.006978057765696351
0.396698349175 0.007025467209294038
0.397698849425 0.00704054071338815
0.398699349675 0.0070330628872932914
0.399699849925 0.007034943723489137
0.400700350175 0.0070577222988344795
0.401700850425 0.007084534404763821
0.402701350675 0.007115039126032544
0.403701850925 0.007154749018158779
0.404702351176 0.0071796644739959324
0.405702851426 0.007168647478471718
0.406703351676 0.007209809661197541
0.407703851926 0.0072609598653118005
0.408704352176 0.00724485615290291
0.409704852426 0.007263542585108355
0.410705352676 0.007291022119825123
0.411705852926 0.007319402919450957
0.412706353177 0.007353027875533191
0.413706853427 0.007353890842485846
0.414707353677 0.007379407456059912
0.415707853927 0.007415512538143806
0.416708354177 0.007439413561595099
0.417708854427 0.007469126814507
0.418709354677 0.007494154489382266
0.419709854927 0.007526714389481985
0.420710355178 0.007561557876415765
0.421710855428 0.007655204852956122
0.422711355678 0.00766296861269303
0.423711855928 0.00767086284543269
0.424712356178 0.007732948897708954
0.425712856428 0.007790978227310012
0.426713356678 0.00775922124206729
0.427713856928 0.007784291407847894
0.428714357179 0.007806762104363494
0.429714857429 0.00783501998232316
0.430715357679 0.007856536429512312
0.431715857929 0.007894259912935209
0.432716358179 0.007956309515783416
0.433716858429 0.008021713466467089
0.434717358679 0.008089887612270466
0.435717858929 0.008171233124202164
0.43671835918 0.008262940334752982
0.43771885943 0.008238824300734596
0.43871935968 0.008257844781782956
0.43971985993 0.00831852281814502
0.44072036018 0.008352644868690992
0.44172086043 0.008439122842021031
0.44272136068 0.008608893878639442
0.44372186093 0.008765658466608216
0.444722361181 0.008935524383933635
0.445722861431 0.009208996824862654
0.446723361681 0.009459377383985003
0.447723861931 0.009217512393632356
0.448724362181 0.00921038884878464
0.449724862431 0.009265748021041312
0.450725362681 0.009338014234538903
0.451725862931 0.009414465073572834
0.452726363182 0.009485923905763033
0.453726863432 0.009547798201338949
0.454727363682 0.009698733777430118
0.455727863932 0.009682005376772761
0.456728364182 0.009718293792939712
0.457728864432 0.009911115588670529
0.458729364682 0.01005927977050849
0.459729864932 0.010206154341336374
0.460730365183 0.01062215077643905
0.461730865433 0.010620897313888922
0.462731365683 0.010422161015001397
0.463731865933 0.010396160345350325
0.464732366183 0.010360251618920163
0.465732866433 0.010364014565386522
0.466733366683 0.010369742300508524
0.467733866933 0.0103762480486709
0.468734367184 0.010388914143957297
0.469734867434 0.010418129885903852
0.470735367684 0.010446248903775053
0.471735867934 0.010467169368078427
0.472736368184 0.010512662597912826
0.473736868434 0.010565004210647901
0.474737368684 0.01060040147144581
0.475737868934 0.010636012425406719
0.476738369185 0.010669984335549016
0.477738869435 0.01070793251374063
0.478739369685 0.010752096380600002
0.479739869935 0.010822443820569863
0.480740370185 0.010898948239583166
0.481740870435 0.010967432296967417
0.482741370685 0.011009034875957361
0.483741870935 0.011044569640670977
0.484742371186 0.011067371596334847
0.485742871436 0.01109625251616753
0.486743371686 0.01114253943281488
0.487743871936 0.011206003459623907
0.488744372186 0.011279053095168377
0.489744872436 0.011371511445928018
0.490745372686 0.011530917987805183
0.491745872936 0.011879679573078408
0.492746373187 0.013011538065198162
0.493746873437 0.013748403677730635
0.494747373687 0.014252165077075645
0.495747873937 0.014723561622724136
0.496748374187 0.015319749099484579
0.497748874437 0.015624262811617412
0.498749374687 0.01556541819880228
0.499749874937 0.015613776771702382
0.500750375188 0.015766831328534642
0.501750875438 0.01591375572600305
0.502751375688 0.016071528975399187
0.503751875938 0.016308751991191972
0.504752376188 0.016558490546916584
0.505752876438 0.016824876546932443
0.506753376688 0.017127347108678404
0.507753876938 0.01729379133629974
0.508754377189 0.01739932551306909
0.509754877439 0.01749295031336228
0.510755377689 0.017479243316692955
0.511755877939 0.017483512013046022
0.512756378189 0.017445914213711562
0.513756878439 0.017477528947317227
0.514757378689 0.017534446560840886
0.515757878939 0.017550378482262194
0.51675837919 0.01752271467398332
0.51775887944 0.017574638804801018
0.51875937969 0.01773171259761174
0.51975987994 0.017898896840920418
0.52076038019 0.01821642222984067
0.52176088044 0.018839946749400833
0.52276138069 0.018591046692884697
0.52376188094 0.018403475500694492
0.524762381191 0.018159948943008535
0.525762881441 0.017918407855615534
0.526763381691 0.017811501427544566
0.527763881941 0.017773001169465237
0.528764382191 0.01782147612917353
0.529764882441 0.017844916196718772
0.530765382691 0.017937620512322523
0.531765882941 0.017994303809737343
0.532766383192 0.01803370415203369
0.533766883442 0.01812432760990678
0.534767383692 0.018091161747033763
0.535767883942 0.01815692526924612
0.536768384192 0.01825526981367725
0.537768884442 0.018370079000000386
0.538769384692 0.01865179715997418
0.539769884942 0.018677550870608444
0.540770385193 0.01873008456927089
0.541770885443 0.018751633494653093
0.542771385693 0.019126219258312437
0.543771885943 0.018972126608469354
0.544772386193 0.018769648506858007
0.545772886443 0.01878382137616354
0.546773386693 0.018806507551164843
0.547773886943 0.018842541785275668
0.548774387194 0.018926025582464225
0.549774887444 0.018907807411368573
0.550775387694 0.018899616486762343
0.551775887944 0.018920391577122136
0.552776388194 0.019195385407182006
0.553776888444 0.019530056800126025
0.554777388694 0.019889034597594293
0.555777888944 0.020849010719929402
0.556778389195 0.020213337855097838
0.557778889445 0.02060240123538896
0.558779389695 0.020702096383022978
0.559779889945 0.02132338971778475
0.560780390195 0.021011466498786074
0.561780890445 0.021076903826803613
0.562781390695 0.021211927502799474
0.563781890945 0.021369136286800924
0.564782391196 0.021580731169845713
0.565782891446 0.02201411598010678
0.566783391696 0.02233148558360563
0.567783891946 0.02294529228543755
0.568784392196 0.02335564927651414
0.569784892446 0.02358477440361135
0.570785392696 0.023619777485565985
0.571785892946 0.023532842752008672
0.572786393197 0.023356311188615902
0.573786893447 0.023262851439540277
0.574787393697 0.023250662687238507
0.575787893947 0.023423454285390034
0.576788394197 0.02364876882162298
0.577788894447 0.023939298848875308
0.578789394697 0.024168667605551735
0.579789894947 0.024076931255438278
0.580790395198 0.024119373043991567
0.581790895448 0.024571071942193837
0.582791395698 0.02454054931526531
0.583791895948 0.024898481216835404
0.584792396198 0.025304774205817875
0.585792896448 0.025158265886129575
0.586793396698 0.025334325675764283
0.587793896948 0.025488391830001924
0.588794397199 0.025587465093534652
0.589794897449 0.0258014976505242
0.590795397699 0.026100711693327568
0.591795897949 0.026321573071830993
0.592796398199 0.026601998603273447
0.593796898449 0.027396124565606254
0.594797398699 0.027269875142040233
0.595797898949 0.027456696232517962
0.5967983992 0.027554865541237664
0.59779889945 0.027636236154477398
0.5987993997 0.02792874524683311
0.59979989995 0.028185434406414682
0.6008004002 0.028306983259114942
0.60180090045 0.030725112788012446
0.6028014007 0.03326565903263032
0.60380190095 0.03540200514559201
0.604802401201 0.0376983242287515
0.605802901451 0.03955440584169635
0.606803401701 0.043004943792391614
0.607803901951 0.04218133601990995
0.608804402201 0.04021334202317421
0.609804902451 0.03818862658455479
0.610805402701 0.03779675260351897
0.611805902951 0.03724625267918056
0.612806403202 0.036747570529801696
0.613806903452 0.03695866929863202
0.614807403702 0.03698300007660685
0.615807903952 0.037045766596574374
0.616808404202 0.03715526755993809
0.617808904452 0.0371633615272539
0.618809404702 0.03713651229067285
0.619809904952 0.03768538512943944
0.620810405203 0.03890629109705935
0.621810905453 0.03858551674548043
0.622811405703 0.03808931899715665
0.623811905953 0.03737286631020467
0.624812406203 0.03702197151800144
0.625812906453 0.03652529752574524
0.626813406703 0.03632484544356959
0.627813906953 0.03649262657020225
0.628814407204 0.03645908430330428
0.629814907454 0.0364954063927919
0.630815407704 0.03667928932417605
0.631815907954 0.03830952241675267
0.632816408204 0.03712847517612772
0.633816908454 0.037199553469286537
0.634817408704 0.03655077315384018
0.635817908954 0.036462815380797695
0.636818409205 0.036446678206153584
0.637818909455 0.036370946985653234
0.638819409705 0.03624101387217596
0.639819909955 0.036146597418900576
0.640820410205 0.036197565297343415
0.641820910455 0.03619091775418687
0.642821410705 0.0362325915136395
0.643821910955 0.036291353788784106
0.644822411206 0.036343358652718934
0.645822911456 0.03643538671558246
0.646823411706 0.036532527557100854
0.647823911956 0.03700175285352019
0.648824412206 0.038496066197020916
0.649824912456 0.039397695929580506
0.650825412706 0.04003145353527136
0.651825912956 0.040786561392886486
0.652826413207 0.04142896175376997
0.653826913457 0.04168085095015034
0.654827413707 0.041291309341686566
0.655827913957 0.041344892928039036
0.656828414207 0.04133136979185845
0.657828914457 0.04142160708576899
0.658829414707 0.04155874127777804
0.659829914957 0.041895967130528435
0.660830415208 0.042258380048582726
0.661830915458 0.04262644899478555
0.662831415708 0.04338429184201326
0.663831915958 0.04363962625290968
0.664832416208 0.04331667209028333
0.665832916458 0.04341529696837976
0.666833416708 0.04354631467297585
0.667833916958 0.04378983041693284
0.668834417209 0.04404551221351102
0.669834917459 0.04412227365140266
0.670835417709 0.044069050544310144
0.671835917959 0.04432577427549071
0.672836418209 0.044769336875474595
0.673836918459 0.04528854026687318
0.674837418709 0.04546080533217931
0.675837918959 0.045525438675641364
0.67683841921 0.04590631159997804
0.67783891946 0.046405348496342244
0.67883941971 0.04695672252811744
0.67983991996 0.04901969475718814
0.68084042021 0.05042647976108651
0.68184092046 0.05248744701049028
0.68284142071 0.053945061258792754
0.68384192096 0.05540034294639486
0.684842421211 0.0567796150131787
0.685842921461 0.0598572982402088
0.686843421711 0.06016609760421279
0.687843921961 0.058677105775263555
0.688844422211 0.05689168927163982
0.689844922461 0.05594079786361809
0.690845422711 0.05557278927585685
0.691845922961 0.05605933167899375
0.692846423212 0.058713239085229955
0.693846923462 0.058818566215269714
0.694847423712 0.05915777796325221
0.695847923962 0.05900587555918686
0.696848424212 0.05863558746232292
0.697848924462 0.058684135762358314
0.698849424712 0.0587067043631573
0.699849924962 0.08005170264959004
0.700850425213 0.07150556880852937
0.701850925463 0.06838127310152198
0.702851425713 0.06815853540381223
0.703851925963 0.06765905597492863
0.704852426213 0.06663697282057744
0.705852926463 0.06610102358825004
0.706853426713 0.06634128497462098
0.707853926963 0.06863380824546333
0.708854427214 0.07398456789786077
0.709854927464 0.07353715508946108
0.710855427714 0.07274761194662102
0.711855927964 0.07379488208373555
0.712856428214 0.07508499457481974
0.713856928464 0.07571633112800999
0.714857428714 0.07508763182832026
0.715857928964 0.07581070340184656
0.716858429215 0.07519918049527335
0.717858929465 0.07545147036330799
0.718859429715 0.07570565166762674
0.719859929965 0.07577838903208413
0.720860430215 0.07540182051447608
0.721860930465 0.07565889102955115
0.722861430715 0.07575638986500872
0.723861930965 0.07607371876215147
0.724862431216 0.07645802832341757
0.725862931466 0.07706701938458849
0.726863431716 0.07771251286265292
0.727863931966 0.07799547119596649
0.728864432216 0.07857053393004085
0.729864932466 0.07918998855482612
0.730865432716 0.08004847239713224
0.731865932966 0.08070162277374106
0.732866433217 0.08156876117797261
0.733866933467 0.08196251669688266
0.734867433717 0.08360585270362882
0.735867933967 0.083496527007142
0.736868434217 0.08401397700135893
0.737868934467 0.08483683688791628
0.738869434717 0.08525007610694073
0.739869934967 0.08591804149725799
0.740870435218 0.08676151746338234
0.741870935468 0.0874490720854059
0.742871435718 0.08814966141454393
0.743871935968 0.08959796846078587
0.744872436218 0.09100819512323545
0.745872936468 0.0911731296020241
0.746873436718 0.10301874085562909
0.747873936968 0.10780259834139796
0.748874437219 0.10963088812739662
0.749874937469 0.11087771682224731
0.750875437719 0.1151261697645596
0.751875937969 0.1173510627884816
0.752876438219 0.11783506382536361
0.753876938469 0.12178925766350442
0.754877438719 0.1241929267158802
0.755877938969 0.12252363523232422
0.75687843922 0.12177304569650596
0.75787893947 0.12194282733259725
0.75887943972 0.12235759662526051
0.75987993997 0.12271751874983115
0.76088044022 0.12344189806583475
0.76188094047 0.12538203325818065
0.76288144072 0.12862419975148204
0.76388194097 0.13814659659474077
0.764882441221 0.13294408421814202
0.765882941471 0.13031956819132762
0.766883441721 0.13002202835073284
0.767883941971 0.13164944121582206
0.768884442221 0.13940297067831195
0.769884942471 0.13450510693466286
0.770885442721 0.1435450978247201
0.771885942971 0.13736819895430546
0.772886443222 0.1391414373294486
0.773886943472 0.1415105421636935
0.774887443722 0.12532653393832163
0.775887943972 0.12337134629672938
0.776888444222 0.12221795460919478
0.777888944472 0.11844519332645778
0.778889444722 0.11713228518143799
0.779889944972 0.11703643528968366
0.780890445223 0.11570849897892982
0.781890945473 0.11588400307167554
0.782891445723 0.11347621300322022
0.783891945973 0.11246562287735824
0.784892446223 0.11274971631794105
0.785892946473 0.10965191366189413
0.786893446723 0.10899000367764043
0.787893946973 0.10913438126205985
0.788894447224 0.10935180533225744
0.789894947474 0.10965646061101797
0.790895447724 0.10996840376719641
0.791895947974 0.11090843597241368
0.792896448224 0.11066597720199516
0.793896948474 0.1110188167528651
0.794897448724 0.11135810602914491
0.795897948974 0.11223613195898183
0.796898449225 0.1131348650291372
0.797898949475 0.11507335678976269
0.798899449725 0.11793409832331467
0.799899949975 0.11743875755871397
0.800900450225 0.11871256004014114
0.801900950475 0.1182752034105206
0.802901450725 0.11788508014516683
0.803901950975 0.11857360080518216
0.804902451226 0.1193064389954058
0.805902951476 0.12013359658060878
0.806903451726 0.1212812584820541
0.807903951976 0.12237634322076421
0.808904452226 0.1241405938232796
0.809904952476 0.12576979514356437
0.810905452726 0.1517455710717772
0.811905952976 0.14923885868193698
0.812906453227 0.1491163423754289
0.813906953477 0.14490417611959236
0.814907453727 0.14403726674588635
0.815907953977 0.14228828676528216
0.816908454227 0.14251943642414874
0.817908954477 0.1404126284400837
0.818909454727 0.1405005111837892
0.819909954977 0.14137104570164186
0.820910455228 0.14207114384717376
0.821910955478 0.1424319359876444
0.822911455728 0.14366942469341545
0.823911955978 0.1446452607508043
0.824912456228 0.14657770269788487
0.825912956478 0.1451416346081231
0.826913456728 0.14487713413140926
0.827913956978 0.1455433119416124
0.828914457229 0.14712468843975063
0.829914957479 0.14838753980645608
0.830915457729 0.15193748095678056
0.831915957979 0.14878386426902301
0.832916458229 0.14660710296954588
0.833916958479 0.14822260950328184
0.834917458729 0.14557446908516988
0.835917958979 0.1516079969566771
0.83691845923 0.1726498793743547
0.83791895948 0.12816952185857794
0.83891945973 0.10320014936443528
0.83991995998 0.09826754361240622
0.84092046023 0.09654176118926774
0.84192096048 0.09651139974620467
0.84292146073 0.09697121499329654
0.84392196098 0.09746197365870156
0.844922461231 0.09769372873544914
0.845922961481 0.09783927185784738
0.846923461731 0.09801730447798916
0.847923961981 0.09847526157427175
0.848924462231 0.09865201768369998
0.849924962481 0.09904786382713374
0.850925462731 0.09936896833247745
0.851925962981 0.09981581908413009
0.852926463232 0.10046804159469748
0.853926963482 0.10081536211456324
0.854927463732 0.1015423891749195
0.855927963982 0.10297655745504342
0.856928464232 0.10397658180087584
0.857928964482 0.10458291306815719
0.858929464732 0.10525065076183077
0.859929964982 0.10720495592920985
0.860930465233 0.10982856481774692
0.861930965483 0.11318113119672712
0.862931465733 0.1215473745137292
0.863931965983 0.10258333698191849
0.864932466233 0.10288616092776895
0.865932966483 0.10205924231426546
0.866933466733 0.10523938089326827
0.867933966983 0.10371752865073075
0.868934467234 0.09404089127135981
0.869934967484 0.09281505610776686
0.870935467734 0.09425523583292635
0.871935967984 0.09612038195865355
0.872936468234 0.09924755926210539
0.873936968484 0.10319953175797224
0.874937468734 0.10749379454120082
0.875937968984 0.1053411895601633
0.876938469235 0.095449059321985
0.877938969485 0.09352452706684385
0.878939469735 0.09271792568039114
0.879939969985 0.09259555530536756
0.880940470235 0.09277429333500684
0.881940970485 0.09294651237539941
0.882941470735 0.09307165994470387
0.883941970985 0.09385715733686288
0.884942471236 0.0943665374115205
0.885942971486 0.09518376317895412
0.886943471736 0.09633490090305719
0.887943971986 0.09755915943254669
0.888944472236 0.09928886090999646
0.889944972486 0.10043726916216837
0.890945472736 0.10369361942471389
0.891945972986 0.10767856721306204
0.892946473237 0.11106326344970391
0.893946973487 0.11510107839792148
0.894947473737 0.11913892654178126
0.895947973987 0.12238865492241223
0.896948474237 0.12841979547254012
0.897948974487 0.13927041513365654
0.898949474737 0.14794012042408583
0.899949974987 0.13725822909006422
0.900950475238 0.12773266464982805
0.901950975488 0.12351491593547406
0.902951475738 0.12179588132481364
0.903951975988 0.11988188577184987
0.904952476238 0.11993817087932122
0.905952976488 0.11933985091244607
0.906953476738 0.11987696936245651
0.907953976988 0.12155105479463119
0.908954477239 0.12412870797112671
0.909954977489 0.11756432392792843
0.910955477739 0.11611336993931855
0.911955977989 0.11471345178332301
0.912956478239 0.11344089811178129
0.913956978489 0.11222068381253215
0.914957478739 0.11130787467192878
0.915957978989 0.11219466232209771
0.91695847924 0.12199658064326319
0.91795897949 0.12434036303297351
0.91895947974 0.13617374669690613
0.91995997999 0.15954296917742536
0.92096048024 0.17875926213093352
0.92196098049 0.18820817263705275
0.92296148074 0.1799334720183637
0.92396198099 0.1410156521838834
0.924962481241 0.13432300450795287
0.925962981491 0.12847857158516096
0.926963481741 0.12556528475614206
0.927963981991 0.12426516927170753
0.928964482241 0.12556967533286484
0.929964982491 0.13097647096158357
0.930965482741 0.11077783370899486
0.931965982991 0.10810293200507272
0.932966483242 0.10675121090630271
0.933966983492 0.10550536511261206
0.934967483742 0.10402042216232323
0.935967983992 0.1026397244032893
0.936968484242 0.09830000454022686
0.937968984492 0.09750171809419544
0.938969484742 0.0972734420336094
0.939969984992 0.09662025349065184
0.940970485243 0.0967737150668251
0.941970985493 0.09628151795093921
0.942971485743 0.09588075288518405
0.943971985993 0.09550565633666137
0.944972486243 0.09506970871808934
0.945972986493 0.09446058663159448
0.946973486743 0.09424416231940329
0.947973986993 0.0938624453895471
0.948974487244 0.09339099560747012
0.949974987494 0.09303830776267662
0.950975487744 0.09278827263817074
0.951975987994 0.09232286191054084
0.952976488244 0.09168578499295801
0.953976988494 0.09106915753834591
0.954977488744 0.09054829642185647
0.955977988994 0.0899908071003262
0.956978489245 0.09016955503062624
0.957978989495 0.0899246532436968
0.958979489745 0.09027211587829588
0.959979989995 0.09003384014295122
0.960980490245 0.08953164990612744
0.961980990495 0.0885239400631708
0.962981490745 0.09087173998095474
0.963981990995 0.09837842522648786
0.964982491246 0.1000304985006237
0.965982991496 0.10016064154416442
0.966983491746 0.10114529539975697
0.967983991996 0.10417287742902763
0.968984492246 0.11247659782593025
0.969984992496 0.11118676324738903
0.970985492746 0.11198575608631117
0.971985992996 0.11141193842376441
0.972986493247 0.11515851472727051
0.973986993497 0.11196732191667345
0.974987493747 0.11888935102699895
0.975987993997 0.11391828151695593
0.976988494247 0.10149749999287724
0.977988994497 0.0999802640301012
0.978989494747 0.09293290032018356
0.979989994997 0.09303190807820647
0.980990495248 0.09274891314545385
0.981990995498 0.09285439612722363
0.982991495748 0.09408586830013116
0.983991995998 0.0951525347448029
0.984992496248 0.0951760630629124
0.985992996498 0.09562849006990429
0.986993496748 0.09607125418616227
0.987993996998 0.09661608456743596
0.988994497249 0.09709567187478588
0.989994997499 0.0987002320551621
0.990995497749 0.10278687209158924
0.991995997999 0.1059665264649152
0.992996498249 0.10576385952070572
0.993996998499 0.1093247929215164
0.994997498749 0.09180194008126412
0.995997999 0.08660644058104211
0.99699849925 0.08770362539734193
0.9979989995 0.08544047623691794
0.99899949975 0.08255831978896837
1.0 0.06629189102182038
