-1.0 0.8189397578842396
-0.99899949975 0.8134889933960714
-0.9979989995 0.8098850517700413
-0.99699849925 0.8178211332151563
-0.995997999 0.8123685248667996
-0.994997498749 0.83151991177871
-0.993996998499 0.8324127309093032
-0.992996498249 0.8405857174439385
-0.991995997999 0.8530723667147303
-0.990995497749 0.842026962964493
-0.989994997499 0.8439947370054597
-0.988994497249 0.8541937647902721
-0.987993996998 0.8547651900736484
-0.986993496748 0.8579995238390711
-0.985992996498 0.8728132556896226
-0.984992496248 0.8919081544604113
-0.983991995998 0.9076108036388714
-0.982991495748 0.903665779663597
-0.981990995498 0.8967430020208762
-0.980990495248 0.8968514829911922
-0.979989994997 0.9087120842383284
-0.978989494747 0.9006933340459554
-0.977988994497 0.8851915548582251
-0.976988494247 0.8805846244297526
-0.975987993997 0.8762286875432008
-0.974987493747 0.8761674391204347
-0.973986993497 0.8726775697814209
-0.972986493247 1.0910785583114575
-0.971985992996 1.1579563546945297
-0.970985492746 1.1339401086879717
-0.969984992496 1.1370091013982941
-0.968984492246 1.1218662283570775
-0.967983991996 1.1659419969870655
-0.966983491746 1.169521514890685
-0.965982991496 1.164212028937061
-0.964982491246 1.1074670476780153
-0.963981990995 1.1113862607619809
-0.962981490745 1.1176501148147169
-0.961980990495 1.1290057881912772
-0.960980490245 1.1449661727135618
-0.959979989995 1.1795989802051456
-0.958979489745 1.1383308838897443
-0.957978989495 1.1427767474559705
-0.956978489245 1.147366929835553
-0.955977988994 1.1754843136123532
-0.954977488744 1.1412825958249806
-0.953976988494 1.146770100511571
-0.952976488244 1.1440638776462906
-0.951975987994 1.1631720380165222
-0.950975487744 1.143705613997117
-0.949974987494 1.1232971005966181
-0.948974487244 1.104718214268506
-0.947973986993 1.0950580710483535
-0.946973486743 1.0789996919445188
-0.945972986493 1.066723989322269
-0.944972486243 1.0505926500532508
-0.943971985993 1.0367555831840787
-0.942971485743 1.0339926019567087
-0.941970985493 1.024894997655653
-0.940970485243 1.0110125588013326
-0.939969984992 0.9977738343039446
-0.938969484742 0.9902664446859818
-0.937968984492 0.9804001495592561
-0.936968484242 0.9725883369420992
-0.935967983992 0.9704720146817298
-0.934967483742 0.9893035944147986
-0.933966983492 0.9626901375404225
-0.932966483242 0.9589596349715938
-0.931965982991 0.9984043889925502
-0.930965482741 0.9832514975647966
-0.929964982491 0.9820575401300369
-0.928964482241 0.9829216527980174
-0.927963981991 0.9757077752000208
-0.926963481741 0.972849727701288
-0.925962981491 0.9720772401836845
-0.924962481241 0.9666726139716328
-0.92396198099 0.9624005332277555
-0.92296148074 0.9549858678281233
-0.92196098049 0.9493326747237613
-0.92096048024 0.9479947074325393
-0.91995997999 0.9436851071237419
-0.91895947974 0.9417229740889482
-0.91795897949 0.9938337329632917
-0.91695847924 0.9919835574091529
-0.915957978989 0.9839339799759959
-0.914957478739 0.9819626618157626
-0.913956978489 0.9925523034841792
-0.912956478239 0.9865696953035216
-0.911955977989 0.9780944814493243
-0.910955477739 0.9757949430347755
-0.909954977489 1.0410441326702926
-0.908954477239 0.8905617616965206
-0.907953976988 0.8595827286992833
-0.906953476738 0.8520692414052142
-0.905952976488 0.8377735920615905
-0.904952476238 0.8299436905478156
-0.903951975988 0.820609099148209
-0.902951475738 0.8151818848047861
-0.901950975488 0.8610312943629078
-0.900950475238 0.9000885839400136
-0.899949974987 1.1122982629229037
-0.898949474737 0.8916707245012869
-0.897948974487 0.8535161690638151
-0.896948474237 0.8429837614742128
-0.895947973987 0.8343119869002211
-0.894947473737 0.8369576582727944
-0.893946973487 0.8469937579124556
-0.892946473237 0.8922404523968398
-0.891945972986 0.8780386590613137
-0.890945472736 0.8800864758964047
-0.889944972486 0.8844002263372617
-0.888944472236 0.8813305395920215
-0.887943971986 0.8843556853145584
-0.886943471736 0.8965051653060095
-0.885942971486 0.9171321338635495
-0.884942471236 0.9345610747366316
-0.883941970985 0.984220835637998
-0.882941470735 1.0285277686355472
-0.881940970485 0.9637412198358034
-0.880940470235 0.9805512868014938
-0.879939969985 1.005776489558457
-0.878939469735 0.9926919220562276
-0.877938969485 0.9848795545186773
-0.876938469235 0.9911018375891061
-0.875937968984 0.9641698664803727
-0.874937468734 0.9551525438136513
-0.873936968484 0.93592246682096
-0.872936468234 0.9820182034692166
-0.871935967984 0.9860411709259596
-0.870935467734 0.9804439097742343
-0.869934967484 0.9786976528374413
-0.868934467234 1.005930207586139
-0.867933966983 1.0210566277500843
-0.866933466733 0.9756289671722137
-0.865932966483 0.9546884736403842
-0.864932466233 0.9475612148890107
-0.863931965983 0.9610535478448334
-0.862931465733 0.9933882069525121
-0.861930965483 0.9856915099258714
-0.860930465233 0.9800800805408562
-0.859929964982 0.9524753899490358
-0.858929464732 0.9338295843180487
-0.857928964482 0.9253504327270893
-0.856928464232 0.9399946139787728
-0.855927963982 0.9419757591741907
-0.854927463732 0.9357988200689198
-0.853926963482 0.9366357191851742
-0.852926463232 0.9519193585387415
-0.851925962981 0.9366272221810114
-0.850925462731 0.9175333762531851
-0.849924962481 0.9169209048378322
-0.848924462231 0.9067822754389321
-0.847923961981 0.8665998339580657
-0.846923461731 0.826103939873903
-0.845922961481 0.81122758972774
-0.844922461231 0.8103345154577944
-0.84392196098 0.7799689964922298
-0.84292146073 0.7726121663586178
-0.84192096048 0.7671658304057265
-0.84092046023 0.7617967920300118
-0.83991995998 0.7595328131255888
-0.83891945973 0.7381622991223674
-0.83791895948 0.7361827229053168
-0.83691845923 0.7647665213392952
-0.835917958979 0.7486468113735294
-0.834917458729 0.7557629023661189
-0.833916958479 0.7555006012391284
-0.832916458229 0.75172204245489
-0.831915957979 0.7426761039706322
-0.830915457729 0.7376361266384135
-0.829914957479 0.7723369607042978
-0.828914457229 0.7789710760687415
-0.827913956978 0.7703463913095004
-0.826913456728 0.7912954910407484
-0.825912956478 0.7994018397978957
-0.824912456228 0.7981814192633709
-0.823911955978 0.8330082207004627
-0.822911455728 0.8258424147781638
-0.821910955478 0.8381281193321704
-0.820910455228 0.8423145131228162
-0.819909954977 0.8246446163320683
-0.818909454727 0.8256472416519056
-0.817908954477 0.8158556881477133
-0.816908454227 0.8004775739276618
-0.815907953977 0.782523561497458
-0.814907453727 0.7752007950631886
-0.813906953477 0.8024187038285747
-0.812906453227 0.8043617178407575
-0.811905952976 0.7954399070206383
-0.810905452726 0.7930932966352424
-0.809904952476 0.7885649412487667
-0.808904452226 0.7817750014664004
-0.807903951976 0.7813978757909659
-0.806903451726 0.8002836362043907
-0.805902951476 0.8381002777966172
-0.804902451226 0.8475832863980229
-0.803901950975 0.8362594177438605
-0.802901450725 0.8325012343293531
-0.801900950475 0.8375640636735412
-0.800900450225 0.8544769723565806
-0.799899949975 0.8371459329692909
-0.798899449725 0.8312902020848916
-0.797898949475 0.8182942033261965
-0.796898449225 0.8162400842773914
-0.795897948974 0.8202100192936221
-0.794897448724 0.8164648642399764
-0.793896948474 0.8097077550260889
-0.792896448224 0.8083910469610387
-0.791895947974 0.8110040982743991
-0.790895447724 0.8075560638568843
-0.789894947474 0.7780470514625889
-0.788894447224 0.7753639027723246
-0.787893946973 0.7731463877133942
-0.786893446723 0.7704888044329141
-0.785892946473 0.7699435350054419
-0.784892446223 0.7697108016287912
-0.783891945973 0.7699904301748108
-0.782891445723 0.7654984134012613
-0.781890945473 0.7637419098404759
-0.780890445223 0.7621337893525146
-0.779889944972 0.7608977345957962
-0.778889444722 0.7603525468735947
-0.777888944472 0.7601899279666335
-0.776888444222 0.7635113313641997
-0.775887943972 0.774997672753911
-0.774887443722 0.7835528904644055
-0.773886943472 0.8056065292526018
-0.772886443222 0.8157026054502208
-0.771885942971 0.8608904906298271
-0.770885442721 0.8625352423176449
-0.769884942471 0.8122902687816714
-0.768884442221 0.8072277204247537
-0.767883941971 0.8151032271227069
-0.766883441721 0.7973911133811127
-0.765882941471 0.8642705077705459
-0.764882441221 0.8495756680041958
-0.76388194097 0.8859793288595118
-0.76288144072 0.8423637290779031
-0.76188094047 0.8476773529769638
-0.76088044022 0.8550850625601595
-0.75987993997 0.8554965242013968
-0.75887943972 0.8608585408197512
-0.75787893947 0.880237179142311
-0.75687843922 0.867576935941482
-0.755877938969 0.8610016234018485
-0.754877438719 0.8614303014613334
-0.753876938469 0.848948570253906
-0.752876438219 0.8443543117532498
-0.751875937969 0.847031282582716
-0.750875437719 0.8527467974283947
-0.749874937469 0.8568269034570746
-0.748874437219 0.8645180482608903
-0.747873936968 0.872136764268738
-0.746873436718 0.8812685912642608
-0.745872936468 0.8977371093751879
-0.744872436218 0.9119907683483267
-0.743871935968 0.9328621919627873
-0.742871435718 0.9522568430376124
-0.741870935468 1.0016135244821642
-0.740870435218 1.1255569495798052
-0.739869934967 1.253711452673613
-0.738869434717 1.299578521801048
-0.737868934467 1.3989680403338869
-0.736868434217 1.2037532816210168
-0.735867933967 1.131391528667596
-0.734867433717 1.097922425065772
-0.733866933467 1.0856422111762216
-0.732866433217 1.0646927105706618
-0.731865932966 1.0702252178288094
-0.730865432716 1.0605907792629121
-0.729864932466 1.027384388664566
-0.728864432216 1.0186661691730403
-0.727863931966 1.0129210240636561
-0.726863431716 0.9926791679771154
-0.725862931466 0.9667139108122792
-0.724862431216 0.9361477972419117
-0.723861930965 0.9331396048894126
-0.722861430715 0.9263414925732929
-0.721860930465 0.9209323174074934
-0.720860430215 0.9175822101672036
-0.719859929965 0.9144449018616505
-0.718859429715 0.911613365524602
-0.717858929465 0.9065998304404367
-0.716858429215 0.9016832748266644
-0.715857928964 0.8987354209128131
-0.714857428714 0.8951168577285622
-0.713856928464 0.8892751075430444
-0.712856428214 0.8826068434956413
-0.711855927964 0.8768274219685822
-0.710855427714 0.8719604406784085
-0.709854927464 0.8667851016280969
-0.708854427214 0.8622905407923179
-0.707853926963 0.8553724507099194
-0.706853426713 0.8499092760888213
-0.705852926463 0.8450595653490441
-0.704852426213 0.8407941263458438
-0.703851925963 0.833058969587424
-0.702851425713 0.827441997269507
-0.701850925463 0.8229272412829514
-0.700850425213 0.8184242249884176
-0.699849924962 0.8114842614161254
-0.698849424712 0.807502379342726
-0.697848924462 0.8025446939705563
-0.696848424212 0.7943769369149829
-0.695847923962 0.7901575824456415
-0.694847423712 0.7859204451782275
-0.693846923462 0.7805818000837721
-0.692846423212 0.775621043736856
-0.691845922961 0.7717038695754697
-0.690845422711 0.7659779292512041
-0.689844922461 0.7610905107434612
-0.688844422211 0.7408640210229726
-0.687843921961 0.7367716083567829
-0.686843421711 0.7346745036064171
-0.685842921461 0.7354167683033601
-0.684842421211 0.7500621798927158
-0.68384192096 0.7761571129832862
-0.68284142071 0.7523767403177529
-0.68184092046 0.7391965284606418
-0.68084042021 0.7413004121919626
-0.67983991996 0.7470704125063328
-0.67883941971 0.7415688837813779
-0.67783891946 0.7361584831077674
-0.67683841921 0.7290859390351506
-0.675837918959 0.781372598500016
-0.674837418709 0.7929874989068991
-0.673836918459 0.8046476614421598
-0.672836418209 0.831708770201349
-0.671835917959 0.7970120978529336
-0.670835417709 0.76739481513507
-0.669834917459 0.7259591275241747
-0.668834417209 0.7209611264892991
-0.667833916958 0.7508677781114477
-0.666833416708 0.8132082239647517
-0.665832916458 0.8056462329781084
-0.664832416208 0.7572820274662027
-0.663831915958 0.750849306308234
-0.662831415708 0.7457264032806873
-0.661830915458 0.7402836246880524
-0.660830415208 0.7368374811392064
-0.659829914957 0.7353836299444093
-0.658829414707 0.7349721315426478
-0.657828914457 0.7371265693686405
-0.656828414207 0.7399083118118366
-0.655827913957 0.7376994010891623
-0.654827413707 0.7346530412809015
-0.653826913457 0.7360770809117317
-0.652826413207 0.731983504271878
-0.651825912956 0.733542068081049
-0.650825412706 0.7299704431149588
-0.649824912456 0.7306833854895451
-0.648824412206 0.733282722629829
-0.647823911956 0.7308181630568834
-0.646823411706 0.7323441160195958
-0.645822911456 0.7319510140031101
-0.644822411206 0.7349781101673534
-0.643821910955 0.7385492752827832
-0.642821410705 0.739825933743846
-0.641820910455 0.7408549642629642
-0.640820410205 0.7452137413158085
-0.639819909955 0.7459030371544559
-0.638819409705 0.7496973514600828
-0.637818909455 0.7537523362084317
-0.636818409205 0.7579946637813445
-0.635817908954 0.761340095449041
-0.634817408704 0.7670974188846869
-0.633816908454 0.7703320240928045
-0.632816408204 0.7675021629199759
-0.631815907954 0.77066657809176
-0.630815407704 0.7789932460705995
-0.629814907454 0.7835219543315769
-0.628814407204 0.7788657904473664
-0.627813906953 0.7798621193005935
-0.626813406703 0.7943572663839502
-0.625812906453 0.7809707275871904
-0.624812406203 0.7754831494766532
-0.623811905953 0.7757030699573689
-0.622811405703 0.7764563757791534
-0.621810905453 0.7814606256049351
-0.620810405203 0.787063527356315
-0.619809904952 0.7934245431554563
-0.618809404702 0.7955023192216034
-0.617808904452 0.7952995050549476
-0.616808404202 0.7972482713227809
-0.615807903952 0.8001743071683579
-0.614807403702 0.8041564692955653
-0.613806903452 0.8105958352647933
-0.612806403202 0.8206809511174026
-0.611805902951 0.8301788296159929
-0.610805402701 0.8434171076063853
-0.609804902451 0.8453511102111005
-0.608804402201 0.85540765714526
-0.607803901951 0.8498590815104514
-0.606803401701 0.8782787210189485
-0.605802901451 0.8196845486686153
-0.604802401201 0.8307355674879139
-0.60380190095 0.8314647282155935
-0.6028014007 0.8268745277207983
-0.60180090045 0.829132528088678
-0.6008004002 0.8381633634122382
-0.59979989995 0.8430485778771203
-0.5987993997 0.8690336716945242
-0.59779889945 0.8593060282821517
-0.5967983992 0.8540562204293259
-0.595797898949 0.8521718171163094
-0.594797398699 0.8501507457499984
-0.593796898449 0.853774581948292
-0.592796398199 0.8614733245785009
-0.591795897949 0.862272030578311
-0.590795397699 0.8687283231664295
-0.589794897449 0.8704670932078604
-0.588794397199 0.8909111479971419
-0.587793896948 0.9107406866730227
-0.586793396698 0.921240032702826
-0.585792896448 0.8859535492371281
-0.584792396198 0.8806417668213016
-0.583791895948 0.8783368267768007
-0.582791395698 0.8883292588875638
-0.581790895448 0.9752829321101556
-0.580790395198 0.99347186281917
-0.579789894947 0.8833014563711331
-0.578789394697 0.8756216848078537
-0.577788894447 0.814413076794937
-0.576788394197 0.8079779625537873
-0.575787893947 0.8015935124370352
-0.574787393697 0.7990005987829621
-0.573786893447 0.7987492271551427
-0.572786393197 0.7986329098872249
-0.571785892946 0.7985205409422726
-0.570785392696 0.8032456743456124
-0.569784892446 0.8032498057739548
-0.568784392196 0.8051024737921308
-0.567783891946 0.8075748528643851
-0.566783391696 0.814550223682192
-0.565782891446 0.8248601236582314
-0.564782391196 0.8343652041069373
-0.563781890945 0.8433008975862302
-0.562781390695 0.8196970674233206
-0.561780890445 0.8223843967336194
-0.560780390195 0.7955647585892178
-0.559779889945 0.7962911229332069
-0.558779389695 0.7871633406858316
-0.557778889445 0.7879371247112683
-0.556778389195 0.7718715235247955
-0.555777888944 0.7711097153941359
-0.554777388694 0.763247149634758
-0.553776888444 0.7556425065819757
-0.552776388194 0.7626737444456343
-0.551775887944 0.7567413805685854
-0.550775387694 0.7504380980872822
-0.549774887444 0.7441406363369842
-0.548774387194 0.7399795668265756
-0.547773886943 0.7331733420754873
-0.546773386693 0.729476043514498
-0.545772886443 0.7230316669698874
-0.544772386193 0.7179110014177914
-0.543771885943 0.7155204390565826
-0.542771385693 0.7159054058054145
-0.541770885443 0.7076201904146573
-0.540770385193 0.6995813655181187
-0.539769884942 0.68001721288985
-0.538769384692 0.67753161338073
-0.537768884442 0.6748213476012779
-0.536768384192 0.6710856375162145
-0.535767883942 0.6702399188062975
-0.534767383692 0.6723203861909338
-0.533766883442 0.6797890030068737
-0.532766383192 0.6666100119692686
-0.531765882941 0.6613249948628707
-0.530765382691 0.6546230412134092
-0.529764882441 0.6522140878793803
-0.528764382191 0.6487691558522877
-0.527763881941 0.6440582477652798
-0.526763381691 0.641849648066409
-0.525762881441 0.651254326634548
-0.524762381191 0.6226396583356666
-0.52376188094 0.6022400588055056
-0.52276138069 0.6005339361542988
-0.52176088044 0.5977312825975754
-0.52076038019 0.5945318062206716
-0.51975987994 0.593565270507741
-0.51875937969 0.5925850486623356
-0.51775887944 0.5910244205973673
-0.51675837919 0.5884830464870263
-0.515757878939 0.5863451648792113
-0.514757378689 0.5861546415523747
-0.513756878439 0.5871199586322811
-0.512756378189 0.5841001229945694
-0.511755877939 0.5815224874899291
-0.510755377689 0.5786406147758808
-0.509754877439 0.5780156595116311
-0.508754377189 0.5772571828258382
-0.507753876938 0.5759102195808069
-0.506753376688 0.5747386307067349
-0.505752876438 0.5740996590048816
-0.504752376188 0.5750152379639221
-0.503751875938 0.575268159780252
-0.502751375688 0.5770998400692873
-0.501750875438 0.5794533355822792
-0.500750375188 0.5815679182207988
-0.499749874937 0.5735724964131591
-0.498749374687 0.5701352610831659
-0.497748874437 0.5699501910350284
-0.496748374187 0.5703453272893027
-0.495747873937 0.5737357948384887
-0.494747373687 0.5683808818182097
-0.493746873437 0.56653093799295
-0.492746373187 0.5650824775458013
-0.491745872936 0.5651358691258176
-0.490745372686 0.56771881324622
-0.489744872436 0.569714090736951
-0.488744372186 0.5683318699146853
-0.487743871936 0.5688660755200543
-0.486743371686 0.5704962034546418
-0.485742871436 0.57521103452985
-0.484742371186 0.5673852488797912
-0.483741870935 0.568185725186976
-0.482741370685 0.5656269772770475
-0.481740870435 0.5660305315029027
-0.480740370185 0.566361685253314
-0.479739869935 0.5662172559083204
-0.478739369685 0.5689898439254406
-0.477738869435 0.5738877375980197
-0.476738369185 0.5759014683388038
-0.475737868934 0.6000381461006864
-0.474737368684 0.5835202268701374
-0.473736868434 0.5775070130995843
-0.472736368184 0.579784869756086
-0.471735867934 0.5781304726694488
-0.470735367684 0.5797339036336203
-0.469734867434 0.5810914153126794
-0.468734367184 0.5851638312176081
-0.467733866933 0.5863913082510936
-0.466733366683 0.5876707660074045
-0.465732866433 0.5908719790946325
-0.464732366183 0.5914176679287737
-0.463731865933 0.5923194872844951
-0.462731365683 0.6009737988734816
-0.461730865433 0.6076692701890248
-0.460730365183 0.6074617830748464
-0.459729864932 0.6085403016571305
-0.458729364682 0.6101210806762882
-0.457728864432 0.612390048803807
-0.456728364182 0.6138580983623695
-0.455727863932 0.6172468930328865
-0.454727363682 0.6187421741493673
-0.453726863432 0.6246462494925494
-0.452726363182 0.6750531240867337
-0.451725862931 0.7002157427332133
-0.450725362681 0.7089871225388211
-0.449724862431 0.7322411807092375
-0.448724362181 0.7209403045364459
-0.447723861931 0.7471241949562887
-0.446723361681 0.7516874482544479
-0.445722861431 0.7524034223581736
-0.444722361181 0.7568446024923599
-0.44372186093 0.7484899334649879
-0.44272136068 0.7493745790247934
-0.44172086043 0.7439711913623598
-0.44072036018 0.7366225164712329
-0.43971985993 0.7355180915580997
-0.43871935968 0.7388425170515057
-0.43771885943 0.7476049436559061
-0.43671835918 0.7526103964192139
-0.435717858929 0.7636047620847949
-0.434717358679 0.7475992124070772
-0.433716858429 0.7353848757740074
-0.432716358179 0.7301713144585644
-0.431715857929 0.7269518927475905
-0.430715357679 0.7326982799300946
-0.429714857429 0.7669563734128789
-0.428714357179 0.7320473547381693
-0.427713856928 0.7234759157276035
-0.426713356678 0.719898887914543
-0.425712856428 0.7281772054547112
-0.424712356178 0.7235212547086849
-0.423711855928 0.7140395672652023
-0.422711355678 0.7122901977958183
-0.421710855428 0.7015605259794107
-0.420710355178 0.6873609534003108
-0.419709854927 0.6734231974157978
-0.418709354677 0.6578862821265292
-0.417708854427 0.6425002139935659
-0.416708354177 0.6290669799924716
-0.415707853927 0.6158256778466827
-0.414707353677 0.5962337534581124
-0.413706853427 0.5830145503802387
-0.412706353177 0.5725168787918871
-0.411705852926 0.561275676805277
-0.410705352676 0.5536154984071588
-0.409704852426 0.5474299472566857
-0.408704352176 0.5397391239921313
-0.407703851926 0.5336470463617823
-0.406703351676 0.5282192487178101
-0.405702851426 0.5214710842289253
-0.404702351176 0.5168209145355043
-0.403701850925 0.5125548738484837
-0.402701350675 0.5076656487939736
-0.401700850425 0.5047416409847196
-0.400700350175 0.5004005587119923
-0.399699849925 0.4960317710800095
-0.398699349675 0.49158332417701267
-0.397698849425 0.4890607586365355
-0.396698349175 0.48450853343617706
-0.395697848924 0.48180114120043505
-0.394697348674 0.47624953821470994
-0.393696848424 0.4714283698102433
-0.392696348174 0.4690184900218847
-0.391695847924 0.4626951775356328
-0.390695347674 0.45720394078418747
-0.389694847424 0.4523153805503816
-0.388694347174 0.448932955497951
-0.387693846923 0.44426927403601446
-0.386693346673 0.44043901814411357
-0.385692846423 0.43596546907121936
-0.384692346173 0.43108855887554154
-0.383691845923 0.4279893964517961
-0.382691345673 0.42444775641558186
-0.381690845423 0.4200440564382248
-0.380690345173 0.4163310273891188
-0.379689844922 0.4131907987879033
-0.378689344672 0.40971560180124394
-0.377688844422 0.4064564116202672
-0.376688344172 0.403330398806285
-0.375687843922 0.4006837605569876
-0.374687343672 0.3985133358206051
-0.373686843422 0.3959886654883482
-0.372686343172 0.3932576094712481
-0.371685842921 0.39031846178180074
-0.370685342671 0.38808787013782936
-0.369684842421 0.3850720261147002
-0.368684342171 0.38312952440366554
-0.367683841921 0.3815864868046133
-0.366683341671 0.3803849627576923
-0.365682841421 0.3779147096257165
-0.364682341171 0.37642079536813955
-0.36368184092 0.3744503830993137
-0.36268134067 0.37220731160392745
-0.36168084042 0.3701384061544286
-0.36068034017 0.368706676519819
-0.35967983992 0.3669429610041469
-0.35867933967 0.36532435145336334
-0.35767883942 0.36431393415144114
-0.35667833917 0.36195749229132484
-0.355677838919 0.3615638980531723
-0.354677338669 0.35961825026728417
-0.353676838419 0.35751844162199886
-0.352676338169 0.35591126056191374
-0.351675837919 0.35915238014623585
-0.350675337669 0.35713620588710343
-0.349674837419 0.357036005302955
-0.348674337169 0.34330777735450846
-0.347673836918 0.33438775866996884
-0.346673336668 0.3286429572513383
-0.345672836418 0.3236467371688229
-0.344672336168 0.318023293441213
-0.343671835918 0.31684650108611323
-0.342671335668 0.31423632919869227
-0.341670835418 0.30989502811637815
-0.340670335168 0.3075974238190486
-0.339669834917 0.30500115443936415
-0.338669334667 0.3032176585688869
-0.337668834417 0.3003256145746736
-0.336668334167 0.29734174695979887
-0.335667833917 0.29619570456104904
-0.334667333667 0.29472661827100044
-0.333666833417 0.2926809460922131
-0.332666333167 0.2909010491568094
-0.331665832916 0.28795276110765483
-0.330665332666 0.28613462449058924
-0.329664832416 0.28400441040871166
-0.328664332166 0.2830801519019793
-0.327663831916 0.28147015210588755
-0.326663331666 0.27976273962400755
-0.325662831416 0.27865150020622564
-0.324662331166 0.2770982485625183
-0.323661830915 0.2756447058384751
-0.322661330665 0.27484445825475556
-0.321660830415 0.27265400307709936
-0.320660330165 0.2721784154773434
-0.319659829915 0.2703072431214774
-0.318659329665 0.2673438931879851
-0.317658829415 0.26573684203727116
-0.316658329165 0.2638642105284356
-0.315657828914 0.26283173027009227
-0.314657328664 0.2617923645260629
-0.313656828414 0.26016808573544636
-0.312656328164 0.258972005441958
-0.311655827914 0.25819787911852765
-0.310655327664 0.2572338570467196
-0.309654827414 0.25584272494171334
-0.308654327164 0.25509089961678394
-0.307653826913 0.25496971857226963
-0.306653326663 0.25480513318338266
-0.305652826413 0.25389287179294573
-0.304652326163 0.2529685874472901
-0.303651825913 0.2525284827831465
-0.302651325663 0.25030644600367846
-0.301650825413 0.24973659943218993
-0.300650325163 0.2484945211315081
-0.299649824912 0.24800259859645724
-0.298649324662 0.24806044537007993
-0.297648824412 0.24737062694251835
-0.296648324162 0.2511859559320736
-0.295647823912 0.24492211279210635
-0.294647323662 0.24240571552274395
-0.293646823412 0.24094428255740824
-0.292646323162 0.2183696913290334
-0.291645822911 0.21837098025088741
-0.290645322661 0.21718566393326832
-0.289644822411 0.21644592701094545
-0.288644322161 0.21521028277605772
-0.287643821911 0.2149359412345279
-0.286643321661 0.21242571698470408
-0.285642821411 0.21201949533774803
-0.284642321161 0.20870518558844098
-0.28364182091 0.2067133651026733
-0.28264132066 0.2055224051807502
-0.28164082041 0.20336155557758057
-0.28064032016 0.2017844059112221
-0.27963981991 0.19936003764695842
-0.27863931966 0.19736066092520993
-0.27763881941 0.196188800241747
-0.27663831916 0.19448757625745813
-0.275637818909 0.19341765896584243
-0.274637318659 0.19133001077253664
-0.273636818409 0.19025450777100197
-0.272636318159 0.1890937003543151
-0.271635817909 0.18827665238153557
-0.270635317659 0.18804008837440406
-0.269634817409 0.187939295752203
-0.268634317159 0.18831144517239162
-0.267633816908 0.18743742026588842
-0.266633316658 0.18657953910471733
-0.265632816408 0.18628503444465266
-0.264632316158 0.1864105867060589
-0.263631815908 0.18649065333518786
-0.262631315658 0.1867954821749271
-0.261630815408 0.18572073715346513
-0.260630315158 0.1849529827545297
-0.259629814907 0.18424159431461062
-0.258629314657 0.18407004265975804
-0.257628814407 0.18427136834900704
-0.256628314157 0.18375277266164028
-0.255627813907 0.18355262196016242
-0.254627313657 0.18382447562238854
-0.253626813407 0.18391590342058953
-0.252626313157 0.18455697489107953
-0.251625812906 0.186027638195523
-0.250625312656 0.18957193753589993
-0.249624812406 0.19314700126240567
-0.248624312156 0.19497364070851989
-0.247623811906 0.19479225673642436
-0.246623311656 0.19500419155548532
-0.245622811406 0.19679951475098176
-0.244622311156 0.19737521059488256
-0.243621810905 0.20306268020607887
-0.242621310655 0.1970323674710732
-0.241620810405 0.19517532538075608
-0.240620310155 0.1904890674718471
-0.239619809905 0.1874416334091509
-0.238619309655 0.186460155076304
-0.237618809405 0.18484290023524869
-0.236618309155 0.18396311207419938
-0.235617808904 0.18553067331371625
-0.234617308654 0.18806387740479033
-0.233616808404 0.19160675361548346
-0.232616308154 0.19896118016193065
-0.231615807904 0.19967411236437926
-0.230615307654 0.2001847317735406
-0.229614807404 0.19587668176719347
-0.228614307154 0.20238522655199
-0.227613806903 0.19919594392092307
-0.226613306653 0.20053589658411902
-0.225612806403 0.20583950953778563
-0.224612306153 0.2607405930606797
-0.223611805903 0.2021321900113155
-0.222611305653 0.18559740508041597
-0.221610805403 0.18430959756068893
-0.220610305153 0.18440225441856825
-0.219609804902 0.18491753782440518
-0.218609304652 0.1840972561667914
-0.217608804402 0.18476693038054368
-0.216608304152 0.1811243235973
-0.215607803902 0.18023960148720294
-0.214607303652 0.18013880452482622
-0.213606803402 0.17724036823625652
-0.212606303152 0.17583098546231882
-0.211605802901 0.17565867855490724
-0.210605302651 0.17487747628612701
-0.209604802401 0.1745306569027836
-0.208604302151 0.1747132176785548
-0.207603801901 0.1738733442189115
-0.206603301651 0.17397150805785572
-0.205602801401 0.1746126409191291
-0.204602301151 0.1756431950931886
-0.2036018009 0.17707298247722697
-0.20260130065 0.17903565286430068
-0.2016008004 0.1799192945586451
-0.20060030015 0.18116639973417395
-0.1995997999 0.1817825199407445
-0.19859929965 0.18838714064810907
-0.1975987994 0.1818518333223587
-0.19659829915 0.1800594297224264
-0.195597798899 0.18048230350885142
-0.194597298649 0.17786129547091148
-0.193596798399 0.17817878316204655
-0.192596298149 0.1784834953312025
-0.191595797899 0.17766210552744233
-0.190595297649 0.17845170954359982
-0.189594797399 0.18278595834389486
-0.188594297149 0.18213426751325842
-0.187593796898 0.1812174621330439
-0.186593296648 0.18012468582012042
-0.185592796398 0.18031729151097087
-0.184592296148 0.18272596995528262
-0.183591795898 0.18359511402676404
-0.182591295648 0.181144508868256
-0.181590795398 0.18017273019672092
-0.180590295148 0.18342201094216617
-0.179589794897 0.18266119192471217
-0.178589294647 0.1797358950126813
-0.177588794397 0.18451846868879362
-0.176588294147 0.17619793827742328
-0.175587793897 0.17720030913035784
-0.174587293647 0.16712998691713915
-0.173586793397 0.16533175393345917
-0.172586293147 0.07254659547484031
-0.171585792896 0.07246954132912178
-0.170585292646 0.07288755962120516
-0.169584792396 0.07347314400064114
-0.168584292146 0.07331860616159372
-0.167583791896 0.07238231802907502
-0.166583291646 0.07174285536135203
-0.165582791396 0.07106148068551335
-0.164582291146 0.07078471449465708
-0.163581790895 0.07052202161286078
-0.162581290645 0.07031444118562917
-0.161580790395 0.07044540620073463
-0.160580290145 0.07056967450798317
-0.159579789895 0.07084599468385652
-0.158579289645 0.07166408661194738
-0.157578789395 0.0724797559231221
-0.156578289145 0.07413120046683962
-0.155577788894 0.07239161974574519
-0.154577288644 0.07203612739913408
-0.153576788394 0.07261832339460302
-0.152576288144 0.07197404255066553
-0.151575787894 0.07099086763243909
-0.150575287644 0.07056877371714297
-0.149574787394 0.07039119182286326
-0.148574287144 0.0703194975322942
-0.147573786893 0.07018139692077109
-0.146573286643 0.07042738637393411
-0.145572786393 0.07108620739167384
-0.144572286143 0.0715662698321774
-0.143571785893 0.07114391429291542
-0.142571285643 0.07049891932607488
-0.141570785393 0.07083968597787214
-0.140570285143 0.07147124222922288
-0.139569784892 0.07177713026203979
-0.138569284642 0.07107812936603984
-0.137568784392 0.07125867392276879
-0.136568284142 0.07057584438610852
-0.135567783892 0.06992911002162451
-0.134567283642 0.07088185480677268
-0.133566783392 0.07162046986024699
-0.132566283142 0.07191322427235995
-0.131565782891 0.07183155948529069
-0.130565282641 0.07406965148240795
-0.129564782391 0.07561768837398955
-0.128564282141 0.07724891956163683
-0.127563781891 0.09173108416548917
-0.126563281641 0.03799246798185528
-0.125562781391 0.03811645162797499
-0.124562281141 0.038913883277613186
-0.12356178089 0.03958062670557378
-0.12256128064 0.03527985330227512
-0.12156078039 0.03152136571730662
-0.12056028014 0.029828467636663882
-0.11955977989 0.02977901584610694
-0.11855927964 0.029488188392453093
-0.11755877939 0.029133714009620768
-0.11655827914 0.028846572244494422
-0.115557778889 0.028574872397028248
-0.114557278639 0.02827883915493715
-0.113556778389 0.02802268497880521
-0.112556278139 0.02783963282098917
-0.111555777889 0.027630144847045086
-0.110555277639 0.027455320841884186
-0.109554777389 0.027393210124022224
-0.108554277139 0.027183273596793487
-0.107553776888 0.026934607534193515
-0.106553276638 0.026703291850654145
-0.105552776388 0.026378689684983008
-0.104552276138 0.026126986164325263
-0.103551775888 0.02616998944565707
-0.102551275638 0.02561829192072674
-0.101550775388 0.02558948118589486
-0.100550275138 0.024796467928290863
-0.0995497748874 0.023683873155223672
-0.0985492746373 0.022591409421537464
-0.0975487743872 0.021980863139322036
-0.0965482741371 0.021712408746751788
-0.0955477738869 0.02129378190111582
-0.0945472736368 0.02099244729057046
-0.0935467733867 0.0208274338903549
-0.0925462731366 0.02063719817601565
-0.0915457728864 0.020438031102088968
-0.0905452726363 0.020081903696650055
-0.0895447723862 0.01982671785650337
-0.0885442721361 0.01951417279559676
-0.0875437718859 0.019304323667319507
-0.0865432716358 0.019122474607751235
-0.0855427713857 0.018977001814387946
-0.0845422711356 0.018992644513395385
-0.0835417708854 0.02001525477877748
-0.0825412706353 0.019896820626093766
-0.0815407703852 0.019701419195620885
-0.0805402701351 0.019405635223161227
-0.0795397698849 0.019376442574631354
-0.0785392696348 0.019344352619383415
-0.0775387693847 0.019288443103095493
-0.0765382691346 0.01922250571739671
-0.0755377688844 0.019161223329673245
-0.0745372686343 0.01902817070745727
-0.0735367683842 0.01875677919946193
-0.0725362681341 0.01861812349574513
-0.0715357678839 0.018576598818229796
-0.0705352676338 0.018566444470381367
-0.0695347673837 0.01852927437097254
-0.0685342671336 0.018524736976864693
-0.0675337668834 0.018492563520203953
-0.0665332666333 0.018398264310116447
-0.0655327663832 0.018290681799886813
-0.0645322661331 0.018087795604140193
-0.0635317658829 0.018083632625995348
-0.0625312656328 0.01808510570688334
-0.0615307653827 0.0181145876093216
-0.0605302651326 0.018140893291184033
-0.0595297648824 0.018163563301788255
-0.0585292646323 0.018185748999406837
-0.0575287643822 0.01815904386144796
-0.0565282641321 0.018136468223983834
-0.0555277638819 0.01818763683246211
-0.0545272636318 0.01823441697019009
-0.0535267633817 0.01831298597555222
-0.0525262631316 0.01841750459686815
-0.0515257628814 0.01852592718375247
-0.0505252626313 0.01868847147140089
-0.0495247623812 0.01887023673680956
-0.0485242621311 0.019154647498638825
-0.0475237618809 0.01960582276453591
-0.0465232616308 0.021031743294301613
-0.0455227613807 0.01981734481140868
-0.0445222611306 0.019681585202820578
-0.0435217608804 0.020204158538014133
-0.0425212606303 0.02068528667281994
-0.0415207603802 0.020637650068392133
-0.0405202601301 0.02112653946162324
-0.0395197598799 0.02162192424920129
-0.0385192596298 0.021482769697872516
-0.0375187593797 0.020989069156932223
-0.0365182591296 0.0207066371255219
-0.0355177588794 0.021260209162676187
-0.0345172586293 0.02201133788525768
-0.0335167583792 0.020937855222818477
-0.0325162581291 0.020757852526312806
-0.0315157578789 0.02240324894025838
-0.0305152576288 0.02053084928619893
-0.0295147573787 0.024230051629772837
-0.0285142571286 0.0015046426137967112
-0.0275137568784 0.0014972166466813738
-0.0265132566283 0.0014899430500239204
-0.0255127563782 0.0014803849445253485
-0.0245122561281 0.0014782822730208416
-0.0235117558779 0.0014796702370671038
-0.0225112556278 0.001482713992536077
-0.0215107553777 0.0014890822176791031
-0.0205102551276 0.0014977705185370619
-0.0195097548774 0.0015092424166465472
-0.0185092546273 0.0015266950953166498
-0.0175087543772 0.0015455565631778208
-0.0165082541271 0.001576379684869144
-0.0155077538769 0.0016593512824911892
-0.0145072536268 0.0016555352829704618
-0.0135067533767 0.001754797722490481
-0.0125062531266 0.001975006525001478
-0.0115057528764 0.00205906221509769
-0.0105052526263 0.0018700473011147214
-0.00950475237619 0.001637282763282423
-0.00850425212606 0.0014838528648695821
-0.00750375187594 0.001436852991143846
-0.00650325162581 0.0013835664004982558
-0.00550275137569 0.0013126064164118425
-0.00450225112556 0.001262093618692688
-0.00350175087544 0.0012317502250220398
-0.00250125062531 0.0011969252715800275
-0.00150075037519 0.0011509824315091269
-0.000500250125063 0.0010981285231188194
0.000500250125063 0.0026368781700567105
0.00150075037519 0.005156851398686048
0.00250125062531 0.007711442235053331
0.00350175087544 0.01031673645321257
0.00450225112556 0.006350529706279127
0.00550275137569 0.006687228504964852
0.00650325162581 0.007023927303650574
0.00750375187594 0.007360626102336294
0.00850425212606 0.007901075244965004
0.00950475237619 0.008511470265119872
0.0105052526263 0.00896252014885676
0.0115057528764 0.007752594844163293
0.0125062531266 0.007410956457779711
0.0135067533767 0.007144178185586466
0.0145072536268 0.007412441612112576
0.0155077538769 0.007680705038638635
0.0165082541271 0.007948968465164692
0.0175087543772 0.008217231891690756
0.0185092546273 0.008522057678623548
0.0195097548774 0.008879368699988194
0.0205102551276 0.008354597101670847
0.0215107553777 0.008373844340640207
0.0225112556278 0.00813653250288856
0.0235117558779 0.00789922066513692
0.0245122561281 0.007793436490819883
0.0255127563782 0.0077338447199141735
0.0265132566283 0.00797832034425132
0.0275137568784 0.00822279596858847
0.0285142571286 0.008467271592925613
0.0295147573787 0.008711747217262752
0.0305152576288 0.008956281676066734
0.0315157578789 0.009210745156300196
0.0325162581291 0.008474947383550707
0.0335167583792 0.008427235837371245
0.0345172586293 0.008336181489310483
0.0355177588794 0.008262923120214217
0.0365182591296 0.008189664751117957
0.0375187593797 0.008116406382021676
0.0385192596298 0.008194500043136533
0.0395197598799 0.008379188270880121
0.0405202601301 0.008604161851818268
0.0415207603802 0.008829995579306582
0.0425212606303 0.009055829306794903
0.0435217608804 0.009224811064694497
0.0445222611306 0.008556357081599549
0.0455227613807 0.008516764010513335
0.0465232616308 0.008425287136941208
0.0475237618809 0.00833438430212187
0.0485242621311 0.00825028503061157
0.0495247623812 0.008171331747452593
0.0505252626313 0.008220382446156405
0.0515257628814 0.008383661696739224
0.0525262631316 0.008551690999682771
0.0535267633817 0.008719720302626317
0.0545272636318 0.008887749605569867
0.0555277638819 0.008693599243077924
0.0565282641321 0.008197283443242756
0.0575287643822 0.008188445412236971
0.0585292646323 0.008113758181345817
0.0595297648824 0.00804293429718124
0.0605302651326 0.00800507032382598
0.0615307653827 0.007982351738337848
0.0625312656328 0.007963455575063342
0.0635317658829 0.008032332690601081
0.0645322661331 0.008101209806138791
0.0655327663832 0.008102411971752203
0.0665332666333 0.00814206065252042
0.0675337668834 0.0077735052038510775
0.0685342671336 0.007577118996004335
0.0695347673837 0.007386784784089151
0.0705352676338 0.007204563375337079
0.0715357678839 0.007288527988640468
0.0725362681341 0.007198807852615713
0.0735367683842 0.007107338899005828
0.0745372686343 0.0070156895219703535
0.0755377688844 0.006736645828716085
0.0765382691346 0.006906098563377146
0.0775387693847 0.0068104039452983
0.0785392696348 0.006668142855442737
0.0795397698849 0.006338465732357675
0.0805402701351 0.006127414506937344
0.0815407703852 0.006142019386876043
0.0825412706353 0.005954504773016863
0.0835417708854 0.005766990938087338
0.0845422711356 0.005588298691427463
0.0855427713857 0.005524992860360218
0.0865432716358 0.005590060574869214
0.0875437718859 0.005586935063339508
0.0885442721361 0.005493326147497254
0.0895447723862 0.005395378521095928
0.0905452726363 0.005322335131457697
0.0915457728864 0.005338242888449044
0.0925462731366 0.005299775228355058
0.0935467733867 0.0052151026255977655
0.0945472736368 0.005131084977246849
0.0955477738869 0.00507191762204405
0.0965482741371 0.005015593808858566
0.0975487743872 0.004949488028573799
0.0985492746373 0.004893947963490853
0.0995497748874 0.004895373180798664
0.100550275138 0.004872222844779869
0.101550775388 0.004881671934235351
0.102551275638 0.004870100636118286
0.103551775888 0.004858846617456972
0.104552276138 0.004844419402147546
0.105552776388 0.0048294661669433196
0.106553276638 0.005649148548771091
0.107553776888 0.0056113569484095875
0.108554277139 0.005639495291195109
0.109554777389 0.005534540042379185
0.110555277639 0.005448013962702643
0.111555777889 0.00541466010050721
0.112556278139 0.005387033667817515
0.113556778389 0.005401548928382076
0.114557278639 0.005376689142706217
0.115557778889 0.005338467546712363
0.11655827914 0.005338847409847876
0.11755877939 0.005291578252229251
0.11855927964 0.005269839012320897
0.11955977989 0.005242505797417508
0.12056028014 0.0052208110270538875
0.12156078039 0.00521753235584099
0.12256128064 0.005215783631511692
0.12356178089 0.005202905343003818
0.124562281141 0.005574616135108487
0.125562781391 0.005641506805504711
0.126563281641 0.005614862312075413
0.127563781891 0.005579192808981171
0.128564282141 0.005550831797379718
0.129564782391 0.005538236526080312
0.130565282641 0.005545946942823265
0.131565782891 0.005492083503103565
0.132566283142 0.005464819091123717
0.133566783392 0.005446125463307978
0.134567283642 0.005433991605865144
0.135567783892 0.005432210035197514
0.136568284142 0.00543721425407584
0.137568784392 0.006018939478086123
0.138569284642 0.00850598661447596
0.139569784892 0.008582066286420957
0.140570285143 0.008271897724206357
0.141570785393 0.008401553122255677
0.142571285643 0.008741725196526521
0.143571785893 0.008919777695407912
0.144572286143 0.008765257835621917
0.145572786393 0.00863809171637622
0.146573286643 0.008753664587767183
0.147573786893 0.008844702031841695
0.148574287144 0.008935617173912174
0.149574787394 0.009049150163678651
0.150575287644 0.009226971237844607
0.151575787894 0.009331897236493972
0.152576288144 0.009682261021053259
0.153576788394 0.0096631080211769
0.154577288644 0.009629644488326077
0.155577788894 0.010332597617321656
0.156578289145 0.010738339210564862
0.157578789395 0.010752544783446725
0.158579289645 0.010777774668241093
0.159579789895 0.011212018443202371
0.160580290145 0.011487340683072111
0.161580790395 0.012090229368426233
0.162581290645 0.012184721208971109
0.163581790895 0.011728501298308264
0.164582291146 0.011424977772526167
0.165582791396 0.011812586158852691
0.166583291646 0.011829939278821075
0.167583791896 0.011904349975580404
0.168584292146 0.012228147018070325
0.169584792396 0.012780935155109623
0.170585292646 0.012700803930751159
0.171585792896 0.012437078531078151
0.172586293147 0.013669327087710448
0.173586793397 0.013725671900459641
0.174587293647 0.0157895325510354
0.175587793897 0.018358360767446808
0.176588294147 0.01610510032568184
0.177588794397 0.014337562995101784
0.178589294647 0.01337672080439003
0.179589794897 0.012662624472310475
0.180590295148 0.012029632085312016
0.181590795398 0.011650809139976648
0.182591295648 0.011260453789182634
0.183591795898 0.010922738821187798
0.184592296148 0.0106689222494203
0.185592796398 0.010429153562156826
0.186593296648 0.010206746488810096
0.187593796898 0.010019238032649792
0.188594297149 0.009864749229602614
0.189594797399 0.009711469191449421
0.190595297649 0.009558708271450377
0.191595797899 0.009411238457954628
0.192596298149 0.009289428660984813
0.193596798399 0.009196639627660309
0.194597298649 0.009616728754022882
0.195597798899 0.03040698688409258
0.19659829915 0.04135631844010128
0.1975987994 0.0315374400717798
0.19859929965 0.026857710859192276
0.1995997999 0.025599408407340245
0.20060030015 0.025315777809296065
0.2016008004 0.024941328305262578
0.20260130065 0.02334316743027048
0.2036018009 0.02269612033077912
0.204602301151 0.02235874032209276
0.205602801401 0.02218550675900137
0.206603301651 0.022042593674707966
0.207603801901 0.021966321576901534
0.208604302151 0.02184476734205874
0.209604802401 0.021482363798742906
0.210605302651 0.02120869670985491
0.211605802901 0.02112991188829203
0.212606303152 0.021115001602374096
0.213606803402 0.021120735295464738
0.214607303652 0.02117304875762349
0.215607803902 0.021042991290623154
0.216608304152 0.021374020517123192
0.217608804402 0.02182185321228615
0.218609304652 0.022196599905812124
0.219609804902 0.022494142255551082
0.220610305153 0.02273835945947465
0.221610805403 0.023192013129289767
0.222611305653 0.022869895875861683
0.223611805903 0.022549846826654053
0.224612306153 0.02225221871087892
0.225612806403 0.021989448928172745
0.226613306653 0.021928391039021573
0.227613806903 0.02190144192745315
0.228614307154 0.021989293116949086
0.229614807404 0.02207333933380541
0.230615307654 0.022139569620608614
0.231615807904 0.022092207433524327
0.232616308154 0.02194574831105281
0.233616808404 0.021779432402682826
0.234617308654 0.021676632046443586
0.235617808904 0.021671053740191716
0.236618309155 0.02165464279583236
0.237618809405 0.02140564767186841
0.238619309655 0.021221485209610286
0.239619809905 0.021060284861222828
0.240620310155 0.02105502174868466
0.241620810405 0.02099784389374339
0.242621310655 0.0209410136416603
0.243621810905 0.020888023708324346
0.244622311156 0.02085398019135946
0.245622811406 0.020862887276492523
0.246623311656 0.020867850590662068
0.247623811906 0.020861381660417202
0.248624312156 0.020873992020236994
0.249624812406 0.020778354809032604
0.250625312656 0.02074246954063754
0.251625812906 0.020603158835453488
0.252626313157 0.02054616933228866
0.253626813407 0.020498239236127452
0.254627313657 0.02045155985067963
0.255627813907 0.02040370189249398
0.256628314157 0.020408840094533698
0.257628814407 0.02041244371182036
0.258629314657 0.020421866877368095
0.259629814907 0.020416409401648013
0.260630315158 0.020290665483748676
0.261630815408 0.0201994277775023
0.262631315658 0.02017090111506389
0.263631815908 0.020146174150216127
0.264632316158 0.02016541426432013
0.265632816408 0.020472861656154806
0.266633316658 0.020777001636990967
0.267633816908 0.02109481958739848
0.268634317159 0.02144275648758235
0.269634817409 0.021823187340863765
0.270635317659 0.02166760106553667
0.271635817909 0.02154564615022593
0.272636318159 0.021439226607056112
0.273636818409 0.021336591343857292
0.274637318659 0.021686099499666114
0.275637818909 0.021766456179505952
0.27663831916 0.021867520909077662
0.27763881941 0.021721520018669904
0.27863931966 0.02181812301184146
0.27963981991 0.021921797928335044
0.28064032016 0.022044204565799953
0.28164082041 0.022161592632687105
0.28264132066 0.02227519392142681
0.28364182091 0.02232149939968068
0.284642321161 0.022291406339110753
0.285642821411 0.02227097573908955
0.286643321661 0.022310776817256316
0.287643821911 0.02230123704989761
0.288644322161 0.02220449038398398
0.289644822411 0.022215298773572922
0.290645322661 0.022232213708250625
0.291645822911 0.022245401675729245
0.292646323162 0.02244372753929695
0.293646823412 0.02341576072019821
0.294647323662 0.024391884141829315
0.295647823912 0.02536924327510964
0.296648324162 0.026353639993854674
0.297648824412 0.026805167588252125
0.298649324662 0.026430302856711566
0.299649824912 0.02614884938814271
0.300650325163 0.02588712122254683
0.301650825413 0.026034684058810594
0.302651325663 0.026349528290849855
0.303651825913 0.027360045758903256
0.304652326163 0.026693442725655003
0.305652826413 0.026877785070113826
0.306653326663 0.027108480694257545
0.307653826913 0.02734745471199518
0.308654327164 0.027587643018824833
0.309654827414 0.027639832423938374
0.310655327664 0.027449413666325955
0.311655827914 0.027303112934762192
0.312656328164 0.02742205427300658
0.313656828414 0.02741595025955087
0.314657328664 0.027440380763949442
0.315657828914 0.027541909083662004
0.316658329165 0.027749863817867492
0.317658829415 0.027950804388990898
0.318659329665 0.028122947741854178
0.319659829915 0.028362078288030366
0.320660330165 0.0284980540005673
0.321660830415 0.028565397212821926
0.322661330665 0.028675698881395834
0.323661830915 0.028813062982604408
0.324662331166 0.02906100487599951
0.325662831416 0.029295107838189775
0.326663331666 0.02927704344698218
0.327663831916 0.029414807492717198
0.328664332166 0.029730788330614343
0.329664832416 0.02983052741227321
0.330665332666 0.029845027725863556
0.331665832916 0.029965765128139345
0.332666333167 0.030150922276529716
0.333666833417 0.030109951981586325
0.334667333667 0.030049468091734626
0.335667833917 0.030005399684267745
0.336668334167 0.030197164436649777
0.337668834417 0.03040610076036079
0.338669334667 0.0310735198242605
0.339669834917 0.03167623616407717
0.340670335168 0.0322874067646916
0.341670835418 0.0340437349153203
0.342671335668 0.03308798509020405
0.343671835918 0.032508030859460496
0.344672336168 0.03211855683921684
0.345672836418 0.03175726130376686
0.346673336668 0.031482827139731814
0.347673836918 0.03140741771186593
0.348674337169 0.03151238994015739
0.349674837419 0.03160003978094799
0.350675337669 0.031756811632539926
0.351675837919 0.031852837251240544
0.352676338169 0.03155705083537466
0.353676838419 0.03142710716327597
0.354677338669 0.0314360859233495
0.355677838919 0.031542852387612265
0.35667833917 0.03183701238335408
0.35767883942 0.03164301299027629
0.35867933967 0.031660072562132026
0.35967983992 0.03168720057041626
0.36068034017 0.0316334898070361
0.36168084042 0.031639973764043886
0.36268134067 0.03165445485961466
0.36368184092 0.03168016783587904
0.364682341171 0.03169790682874215
0.365682841421 0.03171568227356103
0.366683341671 0.03176845294291155
0.367683841921 0.031802401890184656
0.368684342171 0.03191365937268939
0.369684842421 0.03191037446685949
0.370685342671 0.031920639326146666
0.371685842921 0.03216225749677342
0.372686343172 0.03233824389422063
0.373686843422 0.03248042448078487
0.374687343672 0.03256875284939085
0.375687843922 0.03264247317310649
0.376688344172 0.03271605188064936
0.377688844422 0.03279643314163289
0.378689344672 0.032875125471436714
0.379689844922 0.03298758572542962
0.380690345173 0.03315360702876616
0.381690845423 0.03339167426772239
0.382691345673 0.0336494913210474
0.383691845923 0.033936679317439676
0.384692346173 0.03419758342556707
0.385692846423 0.034476422704662495
0.386693346673 0.03479602403315317
0.387693846923 0.03525915169343129
0.388694347174 0.036387599354816315
0.389694847424 0.03583615449901835
0.390695347674 0.03589658503000202
0.391695847924 0.036244931869384614
0.392696348174 0.03644957576412671
0.393696848424 0.03639849420534704
0.394697348674 0.03660761576084591
0.395697848924 0.03680649328641129
0.396698349175 0.03706965355689369
0.397698849425 0.037111833443042426
0.398699349675 0.03698669740010317
0.399699849925 0.036896914983692665
0.400700350175 0.03693199964896829
0.401700850425 0.03700241257600886
0.402701350675 0.03709094769563512
0.403701850925 0.03722676398451453
0.404702351176 0.03732802051769046
0.405702851426 0.03730223805115621
0.406703351676 0.03752754250348911
0.407703851926 0.037725393609253276
0.408704352176 0.0377107978771407
0.409704852426 0.037772037499038714
0.410705352676 0.037827117737393404
0.411705852926 0.03791009419431414
0.412706353177 0.03803637607617395
0.413706853427 0.038078687697785385
0.414707353677 0.038179632983242597
0.415707853927 0.03826614996969256
0.416708354177 0.03833142615830257
0.417708854427 0.038423257547800176
0.418709354677 0.038486627799089436
0.419709854927 0.03859827816811228
0.420710355178 0.038728541790949506
0.421710855428 0.03905758751380389
0.422711355678 0.039161212300126445
0.423711855928 0.039271921639382715
0.424712356178 0.03959017883572953
0.425712856428 0.03986779470922393
0.426713356678 0.03975366191507505
0.427713856928 0.03985314445727364
0.428714357179 0.039928082913237066
0.429714857429 0.04004673326103339
0.430715357679 0.040151318817305215
0.431715857929 0.040291904418189
0.432716358179 0.040521732650217884
0.433716858429 0.04079312539551494
0.434717358679 0.04107591655204541
0.435717858929 0.04140664182123302
0.43671835918 0.041799328938683045
0.43771885943 0.041766066380011804
0.43871935968 0.04184441116185747
0.43971985993 0.042169953526764295
0.44072036018 0.04228124284141932
0.44172086043 0.04272067724975871
0.44272136068 0.04357672250892398
0.44372186093 0.04434803251342519
0.444722361181 0.04520133431964613
0.445722861431 0.04660782564563601
0.446723361681 0.047893178783156624
0.447723861931 0.04659800816343865
0.448724362181 0.04653913204611553
0.449724862431 0.046773601823557324
0.450725362681 0.04712699896713021
0.451725862931 0.04736179537432785
0.452726363182 0.04767703092858791
0.453726863432 0.04801920761248287
0.454727363682 0.04882423623361173
0.455727863932 0.04879406864331775
0.456728364182 0.048905190571431494
0.457728864432 0.04960119951961545
0.458729364682 0.0501869803598693
0.459729864932 0.05078945354740683
0.460730365183 0.053197671051088094
0.461730865433 0.05286429222219819
0.462731365683 0.051612577497071876
0.463731865933 0.05142886320846787
0.464732366183 0.05131058346181934
0.465732866433 0.05131728328900339
0.466733366683 0.05132661964535403
0.467733866933 0.05133456796226295
0.468734367184 0.05152927695096231
0.469734867434 0.05157696529155087
0.470735367684 0.051653685892473065
0.471735867934 0.05173647771637386
0.472736368184 0.05195744074329892
0.473736868434 0.052209933395308744
0.474737368684 0.05234214901555209
0.475737868934 0.05249926684291197
0.476738369185 0.05264959778482462
0.477738869435 0.05281991811993797
0.478739369685 0.05302068718266584
0.479739869935 0.053351101657229595
0.480740370185 0.05378027750456062
0.481740870435 0.054162840396546286
0.482741370685 0.054436568073727855
0.483741870935 0.05462465604538109
0.484742371186 0.054738227095871186
0.485742871436 0.0548783402817403
0.486743371686 0.05512665677130604
0.487743871936 0.05546155648467183
0.488744372186 0.055863284228906886
0.489744872436 0.05636619376187418
0.490745372686 0.05719407956797448
0.491745872936 0.057806940186878916
0.492746373187 0.060585780996744845
0.493746873437 0.06254285586344153
0.494747373687 0.0636110096895394
0.495747873937 0.06461221916912745
0.496748374187 0.06636755310206532
0.497748874437 0.06730514364740445
0.498749374687 0.06777694401294083
0.499749874937 0.06844660165661672
0.500750375188 0.06934304326980537
0.501750875438 0.07010431743259907
0.502751375688 0.07084267719890686
0.503751875938 0.07181262769289959
0.504752376188 0.07285793107244865
0.505752876438 0.0738766606307971
0.506753376688 0.07502635336600519
0.507753876938 0.07580548375864149
0.508754377189 0.07630647757316304
0.509754877439 0.07677941000272037
0.510755377689 0.07687626671281222
0.511755877939 0.07728633080070602
0.512756378189 0.07742094030799197
0.513756878439 0.07774587690260976
0.514757378689 0.07815553743141243
0.515757878939 0.07849209147226333
0.51675837919 0.07871001905979469
0.51775887944 0.0791663945061784
0.51875937969 0.0802257235358431
0.51975987994 0.08130390888440894
0.52076038019 0.08303844068271199
0.52176088044 0.08639030388080667
0.52276138069 0.08527022696331008
0.52376188094 0.08450235755795263
0.524762381191 0.08345709359419111
0.525762881441 0.08233419672880282
0.526763381691 0.08206154177859744
0.527763881941 0.08189390321725096
0.528764382191 0.08213266901014309
0.529764882441 0.08235341686185935
0.530765382691 0.08261194696653229
0.531765882941 0.08277007138696559
0.532766383192 0.08281259251920382
0.533766883442 0.08314098375357837
0.534767383692 0.08318335304167669
0.535767883942 0.08350388118920699
0.536768384192 0.083901989596667
0.537768884442 0.08436199279134277
0.538769384692 0.0852744605060131
0.539769884942 0.08544752220220884
0.540770385193 0.08604743412205967
0.541770885443 0.08632833015937472
0.542771385693 0.0878238224118594
0.543771885943 0.08751209846832675
0.544772386193 0.0869138211420002
0.545772886443 0.0870606497489333
0.546773386693 0.08708555075904834
0.547773886943 0.08723186595203793
0.548774387194 0.08770799839615992
0.549774887444 0.08771022568188733
0.550775387694 0.08773824961630007
0.551775887944 0.08793047750386228
0.552776388194 0.08953383469669435
0.553776888444 0.09148578524813852
0.554777388694 0.09349932346027726
0.555777888944 0.09855163937055986
0.556778389195 0.09527901012256061
0.557778889445 0.09732096557461402
0.558779389695 0.09756240048557159
0.559779889945 0.09984794588276416
0.560780390195 0.09848765924242403
0.561780890445 0.09887979549966563
0.562781390695 0.09968897869250591
0.563781890945 0.10050114295175328
0.564782391196 0.10159330274510608
0.565782891446 0.10371843191363486
0.566783391696 0.10508722692053442
0.567783891946 0.10737308026234485
0.568784392196 0.10836520424273338
0.569784892446 0.10909402636878139
0.570785392696 0.10935561058438006
0.571785892946 0.10935564008308843
0.572786393197 0.1088540112124205
0.573786893447 0.1090589937167683
0.574787393697 0.10944641925745023
0.575787893947 0.11024044542229217
0.576788394197 0.11119242846460835
0.577788894447 0.1123085194725883
0.578789394697 0.11381129670451581
0.579789894947 0.11363142942675737
0.580790395198 0.11416396996184631
0.581790895448 0.1163605107661693
0.582791395698 0.11650192507436335
0.583791895948 0.11836077758653896
0.584792396198 0.12049823067775346
0.585792896448 0.12043608173531488
0.586793396698 0.12190481887257039
0.587793896948 0.12327833925254655
0.588794397199 0.1237918326686086
0.589794897449 0.12527838102003852
0.590795397699 0.12770501368693635
0.591795897949 0.12838081502016427
0.592796398199 0.12997502112909332
0.593796898449 0.13348201949145722
0.594797398699 0.1338016896906446
0.595797898949 0.13534206493534717
0.5967983992 0.1375411180822823
0.59779889945 0.13810651009156072
0.5987993997 0.14056122034717794
0.59979989995 0.1424867893429152
0.6008004002 0.14316095700206283
0.60180090045 0.15821905536018607
0.6028014007 0.17407828455885868
0.60380190095 0.18783771132087337
0.604802401201 0.20344394705885244
0.605802901451 0.21600349056267865
0.606803401701 0.24060575795825961
0.607803901951 0.23529951665184579
0.608804402201 0.22158634547670372
0.609804902451 0.2074293340475551
0.610805402701 0.20443513427840357
0.611805902951 0.2002515492205154
0.612806403202 0.19645518131223058
0.613806903452 0.19752137137763773
0.614807403702 0.19720371464137537
0.615807903952 0.1969937019420941
0.616808404202 0.1973298107657855
0.617808904452 0.19680010874701814
0.618809404702 0.19604302334242796
0.619809904952 0.19852370918040704
0.620810405203 0.20412159746840028
0.621810905453 0.2025104144274778
0.622811405703 0.19998480401366187
0.623811905953 0.1972476347660293
0.624812406203 0.19480387562313958
0.625812906453 0.1920009952138315
0.626813406703 0.19092543739616263
0.627813906953 0.19265952411399398
0.628814407204 0.19218272463943606
0.629814907454 0.1923006989384122
0.630815407704 0.19383073774842813
0.631815907954 0.20823207065631216
0.632816408204 0.19836440268325206
0.633816908454 0.19949051446040095
0.634817408704 0.19387698946012658
0.635817908954 0.19301000695184617
0.636818409205 0.1924542560200227
0.637818909455 0.19161108986300585
0.638819409705 0.1905551525084572
0.639819909955 0.18952454961060833
0.640820410205 0.189694218262758
0.641820910455 0.18932174170768942
0.642821410705 0.1892617677605231
0.643821910955 0.18940539855417993
0.644822411206 0.1894102085798627
0.645822911456 0.18964981271766068
0.646823411706 0.19001897407114587
0.647823911956 0.19215441069008748
0.648824412206 0.1971512265312035
0.649824912456 0.20012900130032438
0.650825412706 0.20220762795856434
0.651825912956 0.2056036687331196
0.652826413207 0.20780015498856363
0.653826913457 0.20881891308521833
0.654827413707 0.2073976803359816
0.655827913957 0.20823796042446105
0.656828414207 0.20838871857946326
0.657828914457 0.20849190929498848
0.658829414707 0.20885010187860548
0.659829914957 0.2109239712674077
0.660830415208 0.21299824740185677
0.661830915458 0.21504147448243568
0.662831415708 0.22097721662600645
0.663831915958 0.22219457018497027
0.664832416208 0.217601430164032
0.665832916458 0.2172474388285199
0.666833416708 0.21702862263286496
0.667833916958 0.21748690611063914
0.668834417209 0.2181495307348574
0.669834917459 0.21797147742798423
0.670835417709 0.2174396895562958
0.671835917959 0.21833046982751986
0.672836418209 0.22001557863977173
0.673836918459 0.22208744204497952
0.674837418709 0.22235401458482187
0.675837918959 0.2220091936969626
0.67683841921 0.22332895874929581
0.67783891946 0.2252526393389654
0.67883941971 0.22741665812786982
0.67983991996 0.23145281054722117
0.68084042021 0.23248032277553435
0.68184092046 0.23783972274273252
0.68284142071 0.24287005875002202
0.68384192096 0.247900196750231
0.684842421211 0.25307938132222985
0.685842921461 0.2662600280426886
0.686843421711 0.26762127180949646
0.687843921961 0.2618569090447082
0.688844422211 0.25436658368228143
0.689844922461 0.24982458349736544
0.690845422711 0.24841071554757577
0.691845922961 0.24601817524982772
0.692846423212 0.24951201621132318
0.693846923462 0.2503468039710764
0.694847423712 0.2511067776660547
0.695847923962 0.2511891777684599
0.696848424212 0.25107240830643185
0.697848924462 0.2513635916948175
0.698849424712 0.2517904644630496
0.699849924962 0.257519592857792
0.700850425213 0.2594670817467995
0.701850925463 0.25777838595890995
0.702851425713 0.2590184064384502
0.703851925963 0.25938095808882666
0.704852426213 0.25857940540013197
0.705852926463 0.2587506692323554
0.706853426713 0.2603772647895891
0.707853926963 0.2612700596312344
0.708854427214 0.2626418691565219
0.709854927464 0.2635339179103491
0.710855427714 0.26384792245286803
0.711855927964 0.265338067107141
0.712856428214 0.26734884998543346
0.713856928464 0.27019720112522655
0.714857428714 0.26933322815516236
0.715857928964 0.2711971160737349
0.716858429215 0.26814298867135783
0.717858929465 0.2681500143796688
0.718859429715 0.267876121989594
0.719859929965 0.2677106083091171
0.720860430215 0.26719276838276973
0.721860930465 0.26795817467695787
0.722861430715 0.2674894356855994
0.723861930965 0.26768623516923046
0.724862431216 0.26773439610567984
0.725862931466 0.2689547396835638
0.726863431716 0.26977783947446254
0.727863931966 0.27090405895608183
0.728864432216 0.27217245486956065
0.729864932466 0.27347696728075754
0.730865432716 0.27450479270802863
0.731865932966 0.2746864881212914
0.732866433217 0.2758013521574121
0.733866933467 0.27689563254850746
0.734867433717 0.2790121720331464
0.735867933967 0.28044400733457714
0.736868434217 0.28192578746953584
0.737868934467 0.2836360145382579
0.738869434717 0.28554495022374304
0.739869934967 0.2869388728321194
0.740870435218 0.2899772523789789
0.741870935468 0.290679880519666
0.742871435718 0.2917435419669333
0.743871935968 0.29707759115571164
0.744872436218 0.30029333776543216
0.745872936468 0.297876437498085
0.746873436718 0.3043726829689701
0.747873936968 0.30989721308773927
0.748874437219 0.3127442967601956
0.749874937469 0.31081871289248675
0.750875437719 0.3136780860208942
0.751875937969 0.3149374357139061
0.752876438219 0.31394261423019637
0.753876938469 0.31545436364850227
0.754877438719 0.31710674500181735
0.755877938969 0.3170799156595222
0.75687843922 0.3181009659152574
0.75787893947 0.31906604475496725
0.75887943972 0.31953186346050205
0.75987993997 0.32026809714116555
0.76088044022 0.3212079732749271
0.76188094047 0.3228922856183157
0.76288144072 0.32510725876868923
0.76388194097 0.3306285916691061
0.764882441221 0.3337691537956739
0.765882941471 0.3320052784306739
0.766883441721 0.33376558878916046
0.767883941971 0.33494003491589813
0.768884442221 0.3398471635681645
0.769884942471 0.34026847909341235
0.770885442721 0.36485244629401364
0.771885942971 0.3557037883009878
0.772886443222 0.36155851865371974
0.773886943472 0.3648624743774966
0.774887443722 0.35595795054845486
0.775887943972 0.3583720875020118
0.776888444222 0.3630253512060237
0.777888944472 0.3422897601945047
0.778889444722 0.33524820896216706
0.779889944972 0.33640611006708077
0.780890445223 0.33708358977595126
0.781890945473 0.3387763024093532
0.782891445723 0.3306369453137013
0.783891945973 0.3289812796956312
0.784892446223 0.3301644893676624
0.785892946473 0.32607469045704074
0.786893446723 0.32277801266810985
0.787893946973 0.32308429699122937
0.788894447224 0.3244731378745916
0.789894947474 0.32512513893510553
0.790895447724 0.3270023348769058
0.791895947974 0.3320259538201427
0.792896448224 0.3294571160371952
0.793896948474 0.3302412318515464
0.794897448724 0.3315290628250245
0.795897948974 0.3342590931805644
0.796898449225 0.33546783350165565
0.797898949475 0.3419438538003751
0.798899449725 0.3559547229810518
0.799899949975 0.34463067857211854
0.800900450225 0.3423310966292934
0.801900950475 0.3423909914581321
0.802901450725 0.3405944440557762
0.803901950975 0.34370570958447455
0.804902451226 0.34661037477223927
0.805902951476 0.34990093134109734
0.806903451726 0.3530879761554866
0.807903951976 0.3540096384603042
0.808904452226 0.35826016377912223
0.809904952476 0.3638893554318214
0.810905452726 0.37752380249331186
0.811905952976 0.37145430559288783
0.812906453227 0.36879038618643784
0.813906953477 0.3589301461261695
0.814907453727 0.34738709611290164
0.815907953977 0.33935594759294135
0.816908454227 0.3367764191775068
0.817908954477 0.3271752466973043
0.818909454727 0.3264487670592089
0.819909954977 0.3279727224433905
0.820910455228 0.329233430234569
0.821910955478 0.3281563846215191
0.822911455728 0.33057758750764416
0.823911955978 0.33297198705538217
0.824912456228 0.33936109900614114
0.825912956478 0.32917553949428696
0.826913456728 0.3285123433994883
0.827913956978 0.32638604978717745
0.828914457229 0.32640067637332143
0.829914957479 0.3270394868399635
0.830915457729 0.3277985063275549
0.831915957979 0.32869250136287853
0.832916458229 0.3292404313548837
0.833916958479 0.33151559708314515
0.834917458729 0.33332813770410763
0.835917958979 0.3343994036179546
0.83691845923 0.3385018785500132
0.83791895948 0.3314190872591732
0.83891945973 0.3304526842989174
0.83991995998 0.3368849518278528
0.84092046023 0.33676170386450044
0.84192096048 0.33761006369328894
0.84292146073 0.34069067092757377
0.84392196098 0.34386993925457465
0.844922461231 0.34585331450906914
0.845922961481 0.34733894495557194
0.846923461731 0.3493874198957279
0.847923961981 0.35090579049159815
0.848924462231 0.35262629257218203
0.849924962481 0.35424880221362215
0.850925462731 0.3570443792847084
0.851925962981 0.35919429714747664
0.852926463232 0.36369387623398775
0.853926963482 0.36624100217081645
0.854927463732 0.369691963640354
0.855927963982 0.37250661048570005
0.856928464232 0.37658721274744644
0.857928964482 0.3805694706889603
0.858929464732 0.38496831596196734
0.859929964982 0.39126905973624126
0.860930465233 0.39687763616064964
0.861930965483 0.4025022053652118
0.862931465733 0.41317392478954357
0.863931965983 0.40564449060429597
0.864932466233 0.4119871965668001
0.865932966483 0.4176777664590247
0.866933466733 0.4247749405942234
0.867933966983 0.4289298316892644
0.868934467234 0.4322523604156761
0.869934967484 0.44269200569603284
0.870935467734 0.45288476487927937
0.871935967984 0.46616480638331526
0.872936468234 0.49375838858354393
0.873936968484 0.5210743177825732
0.874937468734 0.5750034742553498
0.875937968984 0.5624236766622467
0.876938469235 0.44536681287638846
0.877938969485 0.42473202056789994
0.878939469735 0.4167037334064163
0.879939969985 0.41511470950782936
0.880940470235 0.41564718289164554
0.881940970485 0.4169244557081624
0.882941470735 0.4181695937692514
0.883941970985 0.42159942059501637
0.884942471236 0.42395463324434934
0.885942971486 0.42792060845540975
0.886943471736 0.43395944170053646
0.887943971986 0.44051109349655476
0.888944472236 0.4501757658137377
0.889944972486 0.4569085555653965
0.890945472736 0.4762425247113994
0.891945972986 0.4998223282691834
0.892946473237 0.5193745509364516
0.893946973487 0.5441528310503073
0.894947473737 0.5681164409335755
0.895947973987 0.5881110981097281
0.896948474237 0.62472738520909
0.897948974487 0.6939492688257862
0.898949474737 0.7569200085180459
0.899949974987 0.7130203436854214
0.900950475238 0.65516250791663
0.901950975488 0.6285873467859265
0.902951475738 0.615544408158867
0.903951975988 0.601708830814148
0.904952476238 0.5986732033544979
0.905952976488 0.5900368195440875
0.906953476738 0.5973480533740462
0.907953976988 0.6089320014987026
0.908954477239 0.6313415253471795
0.909954977489 0.5801350823984663
0.910955477739 0.567338500361401
0.911955977989 0.548252169419822
0.912956478239 0.5364613761040762
0.913956978489 0.5308911289359106
0.914957478739 0.509842920449283
0.915957978989 0.5294513855990701
0.91695847924 0.4326110141225545
0.91795897949 0.43098558729587955
0.91895947974 0.4706285352230174
0.91995997999 0.6417780012985544
0.92096048024 0.728392086367118
0.92196098049 0.7724186507692297
0.92296148074 0.620813653804744
0.92396198099 0.5014232853012881
0.924962481241 0.46098233995498156
0.925962981491 0.4287864485215017
0.926963481741 0.40637588015024767
0.927963981991 0.3954295603068257
0.928964482241 0.38897181216206417
0.929964982491 0.3875977314378399
0.930965482741 0.34241981932997445
0.931965982991 0.3294475691135276
0.932966483242 0.3244761659827535
0.933966983492 0.31810136282114837
0.934967483742 0.31653432230016176
0.935967983992 0.311561083810877
0.936968484242 0.3184455961742511
0.937968984492 0.3147437807000491
0.938969484742 0.3111684338042027
0.939969984992 0.30690093360629556
0.940970485243 0.30643815112729655
0.941970985493 0.3032169429993101
0.942971485743 0.3010065645732566
0.943971985993 0.298944763818179
0.944972486243 0.29665784654029936
0.945972986493 0.2928692147279295
0.946973486743 0.2902191499807466
0.947973986993 0.28710094206953496
0.948974487244 0.28402335411813884
0.949974987494 0.2817697315041315
0.950975487744 0.27973438700916226
0.951975987994 0.277004812150854
0.952976488244 0.27397172091606814
0.953976988494 0.2713130664997843
0.954977488744 0.26968232964222794
0.955977988994 0.26834824682262054
0.956978489245 0.2685461087921689
0.957978989495 0.26805970470649904
0.958979489745 0.2688306308871991
0.959979989995 0.26987363764139577
0.960980490245 0.27101563331022815
0.961980990495 0.27492465341249345
0.962981490745 0.29308600212451197
0.963981990995 0.3524596722397317
0.964982491246 0.3674279661207867
0.965982991496 0.3796586193906149
0.966983491746 0.3889976083909763
0.967983991996 0.4163184152369575
0.968984492246 0.44637215023246213
0.969984992496 0.4289596287350508
0.970985492746 0.4475573525192762
0.971985992996 0.4101802808075609
0.972986493247 0.403065747900184
0.973986993497 0.3882457348809761
0.974987493747 0.3956491950776349
0.975987993997 0.3830730322348936
0.976988494247 0.3479883542528433
0.977988994497 0.33881794911233604
0.978989494747 0.3216246115566308
0.979989994997 0.31953357439180746
0.980990495248 0.3150379935981781
0.981990995498 0.3104047785921835
0.982991495748 0.3101657658952713
0.983991995998 0.3078581538456028
0.984992496248 0.3058268358321169
0.985992996498 0.3052696413495428
0.986993496748 0.3079267629966038
0.987993996998 0.30836937572247275
0.988994497249 0.3079627463598508
0.989994997499 0.31036274310509454
0.990995497749 0.31523616290789397
0.991995997999 0.32070073693561874
0.992996498249 0.329425263531823
0.993996998499 0.34844705131286446
0.994997498749 0.3237695334423195
0.995997999 0.3159497787333255
0.99699849925 0.3144218619897896
0.9979989995 0.31357756728271036
0.99899949975 0.3148637728385063
1.0 0.3073558709308969
