-1.0 0.5010189580925735
-0.99899949975 0.4992217994023591
-0.9979989995 0.4990276468647581
-0.99699849925 0.5059985831225368
-0.995997999 0.5024098384216811
-0.994997498749 0.5087576358521402
-0.993996998499 0.5075679372529902
-0.992996498249 0.5130298960181936
-0.991995997999 0.5299543393842433
-0.990995497749 0.5120893933160985
-0.989994997499 0.510501588276129
-0.988994497249 0.5152474839532911
-0.987993996998 0.5129766600591098
-0.986993496748 0.5134585870207004
-0.985992996498 0.5230834885537974
-0.984992496248 0.5251282666308519
-0.983991995998 0.5298214250981024
-0.982991495748 0.5181221281203433
-0.981990995498 0.5152532047838554
-0.980990495248 0.5149886587999725
-0.979989994997 0.5193278286636644
-0.978989494747 0.5163205829739703
-0.977988994497 0.5081470378759195
-0.976988494247 0.5052982873527537
-0.975987993997 0.5031666794920368
-0.974987493747 0.5038060001523811
-0.973986993497 0.50201614754665
-0.972986493247 0.5887299640313275
-0.971985992996 0.5866763054476435
-0.970985492746 0.5963064902115603
-0.969984992496 0.5975698051444723
-0.968984492246 0.5965814506159186
-0.967983991996 0.6515241416669831
-0.966983491746 0.6528068016388535
-0.965982991496 0.6482126424491264
-0.964982491246 0.600277469492338
-0.963981990995 0.603092657528609
-0.962981490745 0.6070346930659443
-0.961980990495 0.6160505402806717
-0.960980490245 0.6254649413779503
-0.959979989995 0.644779077838693
-0.958979489745 0.6208034106188485
-0.957978989495 0.6208506674207995
-0.956978489245 0.6208580085418247
-0.955977988994 0.6247581345339193
-0.954977488744 0.6188012483842544
-0.953976988494 0.6404508627571813
-0.952976488244 0.6411948629031478
-0.951975987994 0.6480921159825909
-0.950975487744 0.6455365028088486
-0.949974987494 0.6461237710177352
-0.948974487244 0.6439842072557727
-0.947973986993 0.6453573872250293
-0.946973486743 0.6329215796952644
-0.945972986493 0.6253159951553589
-0.944972486243 0.6119050989687471
-0.943971985993 0.5970055335135785
-0.942971485743 0.5981708114782496
-0.941970985493 0.5802452636145461
-0.940970485243 0.5609188004077454
-0.939969984992 0.5410098878836013
-0.938969484742 0.529006210050318
-0.937968984492 0.5159652011427651
-0.936968484242 0.5049197341412097
-0.935967983992 0.49911570611142647
-0.934967483742 0.49337144262850363
-0.933966983492 0.4853877180077848
-0.932966483242 0.48113889041282204
-0.931965982991 0.48566590218855554
-0.930965482741 0.4748713783994882
-0.929964982491 0.46967699445423594
-0.928964482241 0.4687200705710308
-0.927963981991 0.4640281666082093
-0.926963481741 0.46196744290606384
-0.925962981491 0.4606953613356362
-0.924962481241 0.45874910240352684
-0.92396198099 0.4580220221759493
-0.92296148074 0.45814284340461886
-0.92196098049 0.45739631927565094
-0.92096048024 0.45844711220802886
-0.91995997999 0.45892164041605943
-0.91895947974 0.4604570139473297
-0.91795897949 0.48685664467970335
-0.91695847924 0.48958380148205494
-0.915957978989 0.49060866061056535
-0.914957478739 0.49759389705494855
-0.913956978489 0.515008732497073
-0.912956478239 0.5145727252933238
-0.911955977989 0.5107194168270907
-0.910955477739 0.5077381804874453
-0.909954977489 0.5423363299676753
-0.908954477239 0.4405747563774138
-0.907953976988 0.41953990418203424
-0.906953476738 0.4166637340371486
-0.905952976488 0.41040362128524477
-0.904952476238 0.4065189153097052
-0.903951975988 0.40269701382559103
-0.902951475738 0.39951793000659613
-0.901950975488 0.4222935925672404
-0.900950475238 0.43946318281113356
-0.899949974987 0.5464630445528635
-0.898949474737 0.44261743067006537
-0.897948974487 0.4268554726000391
-0.896948474237 0.4187007902472223
-0.895947973987 0.4098508444301566
-0.894947473737 0.4094926957112781
-0.893946973487 0.4131314335457265
-0.892946473237 0.41891004800861636
-0.891945972986 0.41738898143874364
-0.890945472736 0.4249781236280611
-0.889944972486 0.4339828758659059
-0.888944472236 0.4323650454736836
-0.887943971986 0.4320863733575583
-0.886943471736 0.43739134359024956
-0.885942971486 0.4527626609949494
-0.884942471236 0.4597244188499364
-0.883941970985 0.4729533591697963
-0.882941470735 0.49152110898334367
-0.881940970485 0.4809487500353858
-0.880940470235 0.5273547352284546
-0.879939969985 0.5419346015412686
-0.878939469735 0.5345478202759701
-0.877938969485 0.532292243760518
-0.876938469235 0.5443071981485166
-0.875937968984 0.5212505960971566
-0.874937468734 0.5118010468891694
-0.873936968484 0.4991029637134436
-0.872936468234 0.5382962985412216
-0.871935967984 0.5442636402994382
-0.870935467734 0.5465604049877069
-0.869934967484 0.5545112198731845
-0.868934467234 0.6070559003594974
-0.867933966983 0.6104492054959839
-0.866933466733 0.566238613474697
-0.865932966483 0.550650409105188
-0.864932466233 0.5448221001903449
-0.863931965983 0.5638959850765295
-0.862931465733 0.613386338563564
-0.861930965483 0.6047882753994939
-0.860930465233 0.5970179231913608
-0.859929964982 0.5864716480826198
-0.858929464732 0.5768858270509998
-0.857928964482 0.5806555806091332
-0.856928464232 0.5892885401678588
-0.855927963982 0.58947740038244
-0.854927463732 0.5935680373877231
-0.853926963482 0.6046339961157247
-0.852926463232 0.6342396989310808
-0.851925962981 0.6183491858653218
-0.850925462731 0.5962807250230577
-0.849924962481 0.587104629389729
-0.848924462231 0.5673864322107222
-0.847923961981 0.5443477628751671
-0.846923461731 0.4900483525969248
-0.845922961481 0.4739820292763953
-0.844922461231 0.46969505891986074
-0.84392196098 0.44717689394344967
-0.84292146073 0.44029219936230757
-0.84192096048 0.4339723584514179
-0.84092046023 0.4272151442626524
-0.83991995998 0.42233667119311386
-0.83891945973 0.413182686356015
-0.83791895948 0.40906077915758743
-0.83691845923 0.43371122784244426
-0.835917958979 0.41462234404557824
-0.834917458729 0.41582559545899644
-0.833916958479 0.4153992277193309
-0.832916458229 0.41224313350701297
-0.831915957979 0.40886510998466646
-0.830915457729 0.4055730458263151
-0.829914957479 0.4187208214451326
-0.828914457229 0.42183756836325864
-0.827913956978 0.4210052195698209
-0.826913456728 0.4418833778174286
-0.825912956478 0.4507851642593754
-0.824912456228 0.45091237457505967
-0.823911955978 0.461167465618817
-0.822911455728 0.4531125025232849
-0.821910955478 0.4523597261419793
-0.820910455228 0.45100476233073633
-0.819909954977 0.4452202264617353
-0.818909454727 0.44790327275030545
-0.817908954477 0.44569159859522933
-0.816908454227 0.4306497728080196
-0.815907953977 0.4283973708167908
-0.814907453727 0.42256431930643784
-0.813906953477 0.45242027319814854
-0.812906453227 0.45262225326217587
-0.811905952976 0.44655715072628743
-0.810905452726 0.44651296949711616
-0.809904952476 0.44573660547588834
-0.808904452226 0.4416539634480614
-0.807903951976 0.44644317343118955
-0.806903451726 0.4503430355523155
-0.805902951476 0.4587882015491895
-0.804902451226 0.4528335887910116
-0.803901950975 0.4515022681521569
-0.802901450725 0.4503757956831034
-0.801900950475 0.4544537480988459
-0.800900450225 0.46995625657635237
-0.799899949975 0.448131974452493
-0.798899449725 0.4404623699974903
-0.797898949475 0.43394511946520425
-0.796898449225 0.4316766510337045
-0.795897948974 0.43237772739932456
-0.794897448724 0.42843692880990353
-0.793896948474 0.4220003170110246
-0.792896448224 0.4166022879922958
-0.791895947974 0.41509475223518966
-0.790895447724 0.4160575343198477
-0.789894947474 0.36236311866365273
-0.788894447224 0.360574466242276
-0.787893946973 0.35887629388385206
-0.786893446723 0.35694292593296967
-0.785892946473 0.3559435535214557
-0.784892446223 0.35608855478348783
-0.783891945973 0.35659560727083994
-0.782891445723 0.35435070385097805
-0.781890945473 0.35375373458954235
-0.780890445223 0.34870392939990047
-0.779889944972 0.3480502219341218
-0.778889444722 0.3442105146244716
-0.777888944472 0.34187839132622644
-0.776888444222 0.3410138322649391
-0.775887943972 0.34746657201631675
-0.774887443722 0.35969421434005805
-0.773886943472 0.36791473057945123
-0.772886443222 0.3667451801524002
-0.771885942971 0.36882775959348296
-0.770885442721 0.36976612274192594
-0.769884942471 0.37088806711997674
-0.768884442221 0.3742018743215522
-0.767883941971 0.3830405354547204
-0.766883441721 0.3777841186682098
-0.765882941471 0.4605673077908455
-0.764882441221 0.4425254740311667
-0.76388194097 0.4854934538190676
-0.76288144072 0.4408342736427594
-0.76188094047 0.45452229664457877
-0.76088044022 0.4657063643606601
-0.75987993997 0.4641206989934748
-0.75887943972 0.4682682474776961
-0.75787893947 0.47204907501824966
-0.75687843922 0.46006210258701996
-0.755877938969 0.4509653189077307
-0.754877438719 0.44947023029280775
-0.753876938469 0.43898779183352776
-0.752876438219 0.4315173365078653
-0.751875937969 0.4292306814589693
-0.750875437719 0.4282658153421239
-0.749874937469 0.42704236033880916
-0.748874437219 0.42894301014068387
-0.747873936968 0.42954803664750746
-0.746873436718 0.43120609626863915
-0.745872936468 0.43654846337750036
-0.744872436218 0.44009807270958695
-0.743871935968 0.44507794448589694
-0.742871435718 0.45033211673297546
-0.741870935468 0.47265006396565656
-0.740870435218 0.5390636422671017
-0.739869934967 0.6482572448470741
-0.738869434717 0.623143754875362
-0.737868934467 0.5947541342192039
-0.736868434217 0.5767343156640444
-0.735867933967 0.5637102740185237
-0.734867433717 0.5587084612798816
-0.733866933467 0.5580509143852842
-0.732866433217 0.5596765897488551
-0.731865932966 0.5671315597980651
-0.730865432716 0.5681260334898615
-0.729864932466 0.5503511364981714
-0.728864432216 0.5417453303685106
-0.727863931966 0.5371659091754447
-0.726863431716 0.5320663027481545
-0.725862931466 0.5284011865442386
-0.724862431216 0.5238112937576644
-0.723861930965 0.5234597731419414
-0.722861430715 0.5221359308208526
-0.721860930465 0.5216085716279907
-0.720860430215 0.5207496833982832
-0.719859929965 0.5201863630417407
-0.718859429715 0.5195364622849095
-0.717858929465 0.5179346992778638
-0.716858429215 0.5169110273050683
-0.715857928964 0.5158372347923851
-0.714857428714 0.51331947204387
-0.713856928464 0.5098852594100042
-0.712856428214 0.5075015872078305
-0.711855927964 0.5050808840362949
-0.710855427714 0.5024941837970253
-0.709854927464 0.49996216093064305
-0.708854427214 0.49786524799414617
-0.707853926963 0.494049420080119
-0.706853426713 0.491894893997252
-0.705852926463 0.4897087942429825
-0.704852426213 0.4881908249534338
-0.703851925963 0.484694360547503
-0.702851425713 0.48214493030786343
-0.701850925463 0.4811389146605103
-0.700850425213 0.47903147471431556
-0.699849924962 0.47662028993597394
-0.698849424712 0.47486801033057946
-0.697848924462 0.47319704867739143
-0.696848424212 0.47073266409466946
-0.695847923962 0.4693405009925916
-0.694847423712 0.467931907166976
-0.693846923462 0.4642939847299038
-0.692846423212 0.46269940898847073
-0.691845922961 0.461322306981098
-0.690845422711 0.45826695228947134
-0.689844922461 0.4559467199817711
-0.688844422211 0.4447168695451754
-0.687843921961 0.44241157701516465
-0.686843421711 0.4403313077393105
-0.685842921461 0.43910004651305784
-0.684842421211 0.43722230543235907
-0.68384192096 0.4354026007778382
-0.68284142071 0.433786233106456
-0.68184092046 0.4341488088483589
-0.68084042021 0.4366246032678833
-0.67983991996 0.43987680998423134
-0.67883941971 0.4384493496407253
-0.67783891946 0.4393931176604129
-0.67683841921 0.43181929970210675
-0.675837918959 0.4427528435911243
-0.674837418709 0.44079109258961674
-0.673836918459 0.43988858011019416
-0.672836418209 0.4373745476113065
-0.671835917959 0.435572701477206
-0.670835417709 0.43364468970865483
-0.669834917459 0.4404769797184234
-0.668834417209 0.4430212514797999
-0.667833916958 0.45291057817428476
-0.666833416708 0.4749790462700547
-0.665832916458 0.46777687403627033
-0.664832416208 0.47240091894726716
-0.663831915958 0.47357324218017943
-0.662831415708 0.44707213886677566
-0.661830915458 0.44243666650348273
-0.660830415208 0.43984519836888736
-0.659829914957 0.4381598969492231
-0.658829414707 0.436607204179362
-0.657828914457 0.43747929180905054
-0.656828414207 0.42553112035104323
-0.655827913957 0.4226807209728829
-0.654827413707 0.41989686938363696
-0.653826913457 0.4191912761115806
-0.652826413207 0.41700309365504423
-0.651825912956 0.4169384406917845
-0.650825412706 0.4149233112383918
-0.649824912456 0.41440405003042186
-0.648824412206 0.41434637702753846
-0.647823911956 0.4128687854150188
-0.646823411706 0.412924861024476
-0.645822911456 0.4123227153784397
-0.644822411206 0.41302794662915054
-0.643821910955 0.4141026993405447
-0.642821410705 0.4138625450655897
-0.641820910455 0.41355180483177756
-0.640820410205 0.41512405485796433
-0.639819909955 0.41501165893761094
-0.638819409705 0.41608377690814435
-0.637818909455 0.41739695731937426
-0.636818409205 0.4187451084920205
-0.635817908954 0.41909504021287836
-0.634817408704 0.42006920623108296
-0.633816908454 0.4196876137726018
-0.632816408204 0.42080623341900897
-0.631815907954 0.42238023067310054
-0.630815407704 0.42543413409716274
-0.629814907454 0.42788721878017477
-0.628814407204 0.4238005802132727
-0.627813906953 0.4238073295187024
-0.626813406703 0.43121801014688826
-0.625812906453 0.4247374254611949
-0.624812406203 0.4271165430268803
-0.623811905953 0.426907959848553
-0.622811405703 0.42717443798735016
-0.621810905453 0.42923236512770235
-0.620810405203 0.4312249000396959
-0.619809904952 0.4333543629137344
-0.618809404702 0.43449001433579987
-0.617808904452 0.43519262185506813
-0.616808404202 0.4365471062221531
-0.615807903952 0.4385967879551425
-0.614807403702 0.4406361205744467
-0.613806903452 0.4435935738537506
-0.612806403202 0.4473027844852908
-0.611805902951 0.45253699226785865
-0.610805402701 0.46290701469588036
-0.609804902451 0.46400769044869333
-0.608804402201 0.47846683267857787
-0.607803901951 0.4670487995309305
-0.606803401701 0.4722076010501461
-0.605802901451 0.4567091782444396
-0.604802401201 0.46120778546355534
-0.60380190095 0.46079963018326975
-0.6028014007 0.4591573242849777
-0.60180090045 0.46082496189663935
-0.6008004002 0.4655143772979849
-0.59979989995 0.4687358188620869
-0.5987993997 0.48237092454657793
-0.59779889945 0.4767095007284819
-0.5967983992 0.47266138446567224
-0.595797898949 0.47053624360565505
-0.594797398699 0.46769715276836454
-0.593796898449 0.46751229919050263
-0.592796398199 0.4688830646371933
-0.591795897949 0.46790923027560166
-0.590795397699 0.4683648393174075
-0.589794897449 0.4660229432868729
-0.588794397199 0.46847654987633236
-0.587793896948 0.48207852598435813
-0.586793396698 0.48411317581194896
-0.585792896448 0.4708677550156542
-0.584792396198 0.46912708201925385
-0.583791895948 0.4676414382789791
-0.582791395698 0.4712651129644095
-0.581790895448 0.5110692733319272
-0.580790395198 0.5199284494656576
-0.579789894947 0.4685627203466557
-0.578789394697 0.4632278492685713
-0.577788894447 0.4393232851044903
-0.576788394197 0.43557651956271803
-0.575787893947 0.4317356029573536
-0.574787393697 0.4304008035228992
-0.573786893447 0.4292503175976736
-0.572786393197 0.42839751539286874
-0.571785892946 0.4273032337060087
-0.570785392696 0.4261447478650219
-0.569784892446 0.42488398642982
-0.568784392196 0.4247867628539628
-0.567783891946 0.4251107710182589
-0.566783391696 0.4284752342056839
-0.565782891446 0.42786763706482256
-0.564782391196 0.42491100253175096
-0.563781890945 0.42291561878286543
-0.562781390695 0.42342917753110304
-0.561780890445 0.4344866647403288
-0.560780390195 0.41798825395856504
-0.559779889945 0.41904614434058124
-0.558779389695 0.41625911089294987
-0.557778889445 0.4166456412605129
-0.556778389195 0.41202005791102275
-0.555777888944 0.41183450650670406
-0.554777388694 0.40914261392140594
-0.553776888444 0.40463882743064
-0.552776388194 0.4085658681318042
-0.551775887944 0.40577260660670394
-0.550775387694 0.4028552676531391
-0.549774887444 0.39971944787321173
-0.548774387194 0.39747457509641104
-0.547773886943 0.39292458559841736
-0.546773386693 0.3906166041005123
-0.545772886443 0.3864960504494295
-0.544772386193 0.3828998768582169
-0.543771885943 0.3810198296155153
-0.542771385693 0.3803373868791531
-0.541770885443 0.3734873146926051
-0.540770385193 0.3668371543200288
-0.539769884942 0.3542373377385857
-0.538769384692 0.3516701292700274
-0.537768884442 0.34971909106201743
-0.536768384192 0.3463610728856806
-0.535767883942 0.3439509530724852
-0.534767383692 0.34211318163616233
-0.533766883442 0.34084733550315155
-0.532766383192 0.33800594784188576
-0.531765882941 0.3358319207768625
-0.530765382691 0.33314500980935524
-0.529764882441 0.33176590368703435
-0.528764382191 0.3306964267951544
-0.527763881941 0.3294443868914185
-0.526763381691 0.32663697403835557
-0.525762881441 0.32375225682844744
-0.524762381191 0.3203609876052372
-0.52376188094 0.31917827170866825
-0.52276138069 0.3175890087810288
-0.52176088044 0.31545744777041707
-0.52076038019 0.31359299363769916
-0.51975987994 0.3124999395805591
-0.51875937969 0.3118440131856041
-0.51775887944 0.3100758308943243
-0.51675837919 0.30796041956839204
-0.515757878939 0.30602181988933086
-0.514757378689 0.3054219450832395
-0.513756878439 0.3051273737802272
-0.512756378189 0.29993780988080365
-0.511755877939 0.29941301867705883
-0.510755377689 0.29833894298543917
-0.509754877439 0.29733410433266416
-0.508754377189 0.29646542248847657
-0.507753876938 0.29505724817209505
-0.506753376688 0.29372526027266466
-0.505752876438 0.2935518655672194
-0.504752376188 0.2938478163839516
-0.503751875938 0.2930891259339502
-0.502751375688 0.29315856078111235
-0.501750875438 0.2935281916093416
-0.500750375188 0.29296696550194384
-0.499749874937 0.2880901811210823
-0.498749374687 0.28536043751018597
-0.497748874437 0.2842826229713756
-0.496748374187 0.2833763347318912
-0.495747873937 0.2847185966988382
-0.494747373687 0.2813733310109857
-0.493746873437 0.2782768707780933
-0.492746373187 0.27636054410129285
-0.491745872936 0.2752216012488866
-0.490745372686 0.2745145994852746
-0.489744872436 0.27302827378460914
-0.488744372186 0.2717394078832146
-0.487743871936 0.2707280628187112
-0.486743371686 0.26935114177521535
-0.485742871436 0.26761478304362896
-0.484742371186 0.26618381910388
-0.483741870935 0.2648061406488874
-0.482741370685 0.2630202624685917
-0.481740870435 0.26221028720265127
-0.480740370185 0.2605593412058381
-0.479739869935 0.25904845197054743
-0.478739369685 0.2578684872026388
-0.477738869435 0.25727782954264794
-0.476738369185 0.2566985282975492
-0.475737868934 0.2563717402913386
-0.474737368684 0.25588386024759685
-0.473736868434 0.25420485251133684
-0.472736368184 0.25371502968505094
-0.471735867934 0.2530846294663524
-0.470735367684 0.25274829587822406
-0.469734867434 0.252784167796121
-0.468734367184 0.2532138626466459
-0.467733866933 0.25331426946309427
-0.466733366683 0.2530890437012353
-0.465732866433 0.2530498762619178
-0.464732366183 0.2521064665930149
-0.463731865933 0.2511859830159112
-0.462731365683 0.2538216010905607
-0.461730865433 0.2561676720846546
-0.460730365183 0.255767721933263
-0.459729864932 0.2555867725178682
-0.458729364682 0.25529137834285764
-0.457728864432 0.25522258392260033
-0.456728364182 0.25505144249115436
-0.455727863932 0.2552982146955302
-0.454727363682 0.2549195173719589
-0.453726863432 0.2554881977044168
-0.452726363182 0.2570525757033551
-0.451725862931 0.2802492561146944
-0.450725362681 0.27968754948784463
-0.449724862431 0.28474521680515597
-0.448724362181 0.28120876820509316
-0.447723861931 0.29934556633105197
-0.446723361681 0.3059502302704257
-0.445722861431 0.3065909011045471
-0.444722361181 0.31123030963397147
-0.44372186093 0.30899886545087396
-0.44272136068 0.3117972175373551
-0.44172086043 0.31045994218610923
-0.44072036018 0.30867478033113693
-0.43971985993 0.31010075201025156
-0.43871935968 0.31368415405508937
-0.43771885943 0.3213106163424178
-0.43671835918 0.322394809311074
-0.435717858929 0.3298341623622649
-0.434717358679 0.32187245997490765
-0.433716858429 0.3168341680652894
-0.432716358179 0.31504183405734243
-0.431715857929 0.3150809728632551
-0.430715357679 0.31960106565635477
-0.429714857429 0.3384763539736332
-0.428714357179 0.32105872009089675
-0.427713856928 0.3183956962460683
-0.426713356678 0.3189011101954574
-0.425712856428 0.32951780921725504
-0.424712356178 0.3248494391296082
-0.423711855928 0.31685501788698744
-0.422711355678 0.31399230788735816
-0.421710855428 0.3077899363248716
-0.420710355178 0.29951086140810856
-0.419709854927 0.2923720912741616
-0.418709354677 0.2841611157447362
-0.417708854427 0.2773844729760916
-0.416708354177 0.26979547866647047
-0.415707853927 0.2610348603139461
-0.414707353677 0.24788385380451433
-0.413706853427 0.24011286594253453
-0.412706353177 0.23433176273898554
-0.411705852926 0.22843170023266118
-0.410705352676 0.2240034208907263
-0.409704852426 0.22061021385441296
-0.408704352176 0.2164738256021021
-0.407703851926 0.21311709692417524
-0.406703351676 0.20987079622218466
-0.405702851426 0.20660186151590548
-0.404702351176 0.2040292872357813
-0.403701850925 0.20156525524556554
-0.402701350675 0.19867910652265303
-0.401700850425 0.19637653227335658
-0.400700350175 0.19440655061604295
-0.399699849925 0.1922714005740453
-0.398699349675 0.18984196865608735
-0.397698849425 0.18827473897757582
-0.396698349175 0.18596495696390444
-0.395697848924 0.18478697273503886
-0.394697348674 0.1819910880207794
-0.393696848424 0.17926653837147072
-0.392696348174 0.17768539394958505
-0.391695847924 0.1749841636211006
-0.390695347674 0.17239558461713067
-0.389694847424 0.17007534388695067
-0.388694347174 0.16822926472509164
-0.387693846923 0.16590985080671433
-0.386693346673 0.16427409323162276
-0.385692846423 0.16236171211939263
-0.384692346173 0.16021048258011925
-0.383691845923 0.15861933736190492
-0.382691345673 0.1569410056704929
-0.381690845423 0.15509330640689595
-0.380690345173 0.15355377407481233
-0.379689844922 0.15219438232887203
-0.378689344672 0.15052475606243926
-0.377688844422 0.14905482355574556
-0.376688344172 0.14752924739031023
-0.375687843922 0.1464138216346056
-0.374687343672 0.14535865386011929
-0.373686843422 0.1441716326678596
-0.372686343172 0.14299317326962913
-0.371685842921 0.14173930757783312
-0.370685342671 0.1408042125296546
-0.369684842421 0.13950110521656672
-0.368684342171 0.13837547209655884
-0.367683841921 0.13750480229048576
-0.366683341671 0.1367717631660538
-0.365682841421 0.13582682636313725
-0.364682341171 0.13501367937889838
-0.36368184092 0.13398235013522786
-0.36268134067 0.13296502037313232
-0.36168084042 0.1320617313106162
-0.36068034017 0.13138159173461053
-0.35967983992 0.13063748418499843
-0.35867933967 0.12976436291555923
-0.35767883942 0.12855203201018225
-0.35667833917 0.12726655834164788
-0.355677838919 0.1263091644178749
-0.354677338669 0.12544357848032495
-0.353676838419 0.12456704387555471
-0.352676338169 0.1237478765098876
-0.351675837919 0.12368109408058515
-0.350675337669 0.12310496291472481
-0.349674837419 0.12256006345187795
-0.348674337169 0.11992543798027006
-0.347673836918 0.11806207679243451
-0.346673336668 0.11675471283589597
-0.345672836418 0.11553161169611939
-0.344672336168 0.11425845673648576
-0.343671835918 0.11357637587465234
-0.342671335668 0.11274449165766968
-0.341670835418 0.11166128383412147
-0.340670335168 0.11080067232826045
-0.339669834917 0.11007095711044028
-0.338669334667 0.10956484084823977
-0.337668834417 0.10874715936434479
-0.336668334167 0.10799212906117649
-0.335667833917 0.10738513890225547
-0.334667333667 0.10676563884967757
-0.333666833417 0.10610870648575954
-0.332666333167 0.10549906735133967
-0.331665832916 0.10473354648651922
-0.330665332666 0.10405815361318604
-0.329664832416 0.10347564637133547
-0.328664332166 0.10323170964928105
-0.327663831916 0.10271854305632754
-0.326663331666 0.10223823762463916
-0.325662831416 0.10172771426024597
-0.324662331166 0.10108396155630539
-0.323661830915 0.10079456430142214
-0.322661330665 0.1009407294390024
-0.321660830415 0.10011670830047006
-0.320660330165 0.10033443628255535
-0.319659829915 0.09887812906793943
-0.318659329665 0.09676258203455732
-0.317658829415 0.09613828176249678
-0.316658329165 0.09513606764887202
-0.315657828914 0.09449873591736137
-0.314657328664 0.09384486682406508
-0.313656828414 0.09308565801210555
-0.312656328164 0.09248018292860496
-0.311655827914 0.09216989201641511
-0.310655327664 0.09150495813900977
-0.309654827414 0.09137810356842356
-0.308654327164 0.09112365614829689
-0.307653826913 0.09093801276257918
-0.306653326663 0.09082070649795317
-0.305652826413 0.09017811108395016
-0.304652326163 0.08951212998763217
-0.303651825913 0.08920979930050148
-0.302651325663 0.08870658763044245
-0.301650825413 0.08810467019932872
-0.300650325163 0.08741425911984249
-0.299649824912 0.0870354886259977
-0.298649324662 0.08644359548608772
-0.297648824412 0.08586472998676946
-0.296648324162 0.0883604880934426
-0.295647823912 0.08412461307558551
-0.294647323662 0.08276205440238198
-0.293646823412 0.08212179700974674
-0.292646323162 0.07919691958886545
-0.291645822911 0.0788112580556909
-0.290645322661 0.07819869946405072
-0.289644822411 0.07782465507917109
-0.288644322161 0.07710378258243229
-0.287643821911 0.07694295568685237
-0.286643321661 0.07612392312937928
-0.285642821411 0.07581379040063016
-0.284642321161 0.0746329355510306
-0.28364182091 0.07371735084152163
-0.28264132066 0.07319488236432121
-0.28164082041 0.07263090824329309
-0.28064032016 0.07201756436445503
-0.27963981991 0.07128225692457524
-0.27863931966 0.07069425047706411
-0.27763881941 0.07021318689129867
-0.27663831916 0.06969253066006177
-0.275637818909 0.06932925527930649
-0.274637318659 0.0686835483828806
-0.273636818409 0.06821730459201568
-0.272636318159 0.06788425549105023
-0.271635817909 0.06748653281852919
-0.270635317659 0.06737435335163493
-0.269634817409 0.06725834910548724
-0.268634317159 0.06743858007026363
-0.267633816908 0.0669312698618726
-0.266633316658 0.06630784182688143
-0.265632816408 0.06611902251999142
-0.264632316158 0.06607694795622096
-0.263631815908 0.06617671020498819
-0.262631315658 0.06654983407605708
-0.261630815408 0.06590906948018353
-0.260630315158 0.06561648214121717
-0.259629814907 0.06558399688517057
-0.258629314657 0.06584731198129239
-0.257628814407 0.06667932982497156
-0.256628314157 0.0674653555639646
-0.255627813907 0.06858997982387505
-0.254627313657 0.07040274490910585
-0.253626813407 0.07251311393101144
-0.252626313157 0.07597667582542265
-0.251625812906 0.08019550337747333
-0.250625312656 0.09048273401694806
-0.249624812406 0.10595149632719722
-0.248624312156 0.3768230219087537
-0.247623811906 0.2510606513841955
-0.246623311656 0.201989054405697
-0.245622811406 0.17436920768928274
-0.244622311156 0.1491070464831625
-0.243621810905 0.14798199272189508
-0.242621310655 0.1302647842306591
-0.241620810405 0.12551915321449786
-0.240620310155 0.11813522533690683
-0.239619809905 0.11229147740469249
-0.238619309655 0.1074083911242488
-0.237618809405 0.10334070394079231
-0.236618309155 0.1001032886643157
-0.235617808904 0.0958570790363628
-0.234617308654 0.09533030185631128
-0.233616808404 0.09420677223500504
-0.232616308154 0.09490882116007167
-0.231615807904 0.09657520257597986
-0.230615307654 0.09552987587690687
-0.229614807404 0.09175832213768059
-0.228614307154 0.06557638565645149
-0.227613806903 0.06407413302324412
-0.226613306653 0.06349241964000228
-0.225612806403 0.06335500162708382
-0.224612306153 0.07474400752210253
-0.223611805903 0.06251292653861756
-0.222611305653 0.060142419158372526
-0.221610805403 0.05958993384088716
-0.220610305153 0.059512612580761584
-0.219609804902 0.05999787559982304
-0.218609304652 0.059712384717288465
-0.217608804402 0.060313612734341195
-0.216608304152 0.05844056261327204
-0.215607803902 0.057942781876595136
-0.214607303652 0.05732677269054992
-0.213606803402 0.05548206733958416
-0.212606303152 0.05444879458037761
-0.211605802901 0.05393084372239498
-0.210605302651 0.053220874475886526
-0.209604802401 0.052931954213625336
-0.208604302151 0.05282857694489314
-0.207603801901 0.052587714896286476
-0.206603301651 0.05219605242577187
-0.205602801401 0.05204591836290261
-0.204602301151 0.05206736357425465
-0.2036018009 0.05222313115600174
-0.20260130065 0.05290649271222195
-0.2016008004 0.05317639994354645
-0.20060030015 0.053413310947511144
-0.1995997999 0.052506046826951834
-0.19859929965 0.05246455672891738
-0.1975987994 0.050613745200508105
-0.19659829915 0.05003681581631486
-0.195597798899 0.05013696377375526
-0.194597298649 0.049692675821433475
-0.193596798399 0.05000251652195447
-0.192596298149 0.05051452930467056
-0.191595797899 0.05000025122598992
-0.190595297649 0.04959588604803997
-0.189594797399 0.05024644858834679
-0.188594297149 0.05006014281987684
-0.187593796898 0.04961086581105289
-0.186593296648 0.04931695204002844
-0.185592796398 0.049272175866948785
-0.184592296148 0.049651909191216176
-0.183591795898 0.04973686846076036
-0.182591295648 0.04914144037141778
-0.181590795398 0.04885593784496457
-0.180590295148 0.04949050050885245
-0.179589794897 0.04937875391996106
-0.178589294647 0.04873267883024571
-0.177588794397 0.049621836475274385
-0.176588294147 0.047929887296247815
-0.175587793897 0.04804095486105685
-0.174587293647 0.045827654135535446
-0.173586793397 0.04524501728113599
-0.172586293147 0.02664004991270708
-0.171585792896 0.026671110514333723
-0.170585292646 0.026769803275432876
-0.169584792396 0.026817373383170588
-0.168584292146 0.026899911627206407
-0.167583791896 0.02617108889908832
-0.166583291646 0.025422951291965087
-0.165582791396 0.02493172414931116
-0.164582291146 0.024763328634285903
-0.163581790895 0.024622421275786822
-0.162581290645 0.02448697177444622
-0.161580790395 0.02444266236449845
-0.160580290145 0.024388950179663093
-0.159579789895 0.02435994614906006
-0.158579289645 0.024455693380687142
-0.157578789395 0.024552182558551506
-0.156578289145 0.024796826299623487
-0.155577788894 0.024430561284317337
-0.154577288644 0.024368056644867294
-0.153576788394 0.02438587999477359
-0.152576288144 0.024167018173356432
-0.151575787894 0.02388189652907921
-0.150575287644 0.023730753616367558
-0.149574787394 0.023668082815483747
-0.148574287144 0.0236383859112507
-0.147573786893 0.023610325812298126
-0.146573286643 0.023700071290893653
-0.145572786393 0.023918859707185026
-0.144572286143 0.024239299490909073
-0.143571785893 0.023840287756281768
-0.142571285643 0.023360874488364308
-0.141570785393 0.023255972758913435
-0.140570285143 0.023361282839638845
-0.139569784892 0.023347588671573678
-0.138569284642 0.023016784813099392
-0.137568784392 0.02307202395954028
-0.136568284142 0.02258599930637094
-0.135567783892 0.02215876920515088
-0.134567283642 0.022431723575769048
-0.133566783392 0.022589076685653492
-0.132566283142 0.022518369479884278
-0.131565782891 0.022287616334113244
-0.130565282641 0.022802878403491666
-0.129564782391 0.023229875251995144
-0.128564282141 0.02372960697665395
-0.127563781891 0.028109752899858623
-0.126563281641 0.011455414404125707
-0.125562781391 0.011379753225773859
-0.124562281141 0.011438327327938322
-0.12356178089 0.011436102049672223
-0.12256128064 0.010628890372450545
-0.12156078039 0.009909523189059539
-0.12056028014 0.009551422811404444
-0.11955977989 0.009473823618778729
-0.11855927964 0.009344498966045564
-0.11755877939 0.009183005276942404
-0.11655827914 0.009048284471046487
-0.115557778889 0.008944781279901129
-0.114557278639 0.00881950383127348
-0.113556778389 0.008708184983337608
-0.112556278139 0.008625535273583701
-0.111555777889 0.0085253418711961
-0.110555277639 0.008449897463511939
-0.109554777389 0.00836184775326144
-0.108554277139 0.008249858998877087
-0.107553776888 0.008128965287980914
-0.106553276638 0.008005116576466112
-0.105552776388 0.007879550597638046
-0.104552276138 0.007760899893050583
-0.103551775888 0.007670620773758242
-0.102551275638 0.007582456449078404
-0.101550775388 0.007471065268898273
-0.100550275138 0.0072342522187603345
-0.0995497748874 0.006916126536155222
-0.0985492746373 0.006687040635998313
-0.0975487743872 0.006627152884365915
-0.0965482741371 0.00661747406402771
-0.0955477738869 0.006552959672004196
-0.0945472736368 0.006502877143838468
-0.0935467733867 0.006567833898954992
-0.0925462731366 0.00666632153323328
-0.0915457728864 0.0067480105506620425
-0.0905452726363 0.006756811247481839
-0.0895447723862 0.006954432352456823
-0.0885442721361 0.007171278552456639
-0.0875437718859 0.007415117137131253
-0.0865432716358 0.007820260769712642
-0.0855427713857 0.008372583378932241
-0.0845422711356 0.010066424107184333
-0.0835417708854 0.012004680677847641
-0.0825412706353 0.014190426076848837
-0.0815407703852 0.017693750870231863
-0.0805402701351 0.022384211009199857
-0.0795397698849 0.01865472453540918
-0.0785392696348 0.01679423564699087
-0.0775387693847 0.015705433557305772
-0.0765382691346 0.013788228278526209
-0.0755377688844 0.013496805036978851
-0.0745372686343 0.012731141094420957
-0.0735367683842 0.011735282677992936
-0.0725362681341 0.011521956845700078
-0.0715357678839 0.011316797058396343
-0.0705352676338 0.010886378086400913
-0.0695347673837 0.010633190070995426
-0.0685342671336 0.010426844424379784
-0.0675337668834 0.010167129568532114
-0.0665332666333 0.009853445190937213
-0.0655327663832 0.009424877212168172
-0.0645322661331 0.009284531836169669
-0.0635317658829 0.009195849381492078
-0.0625312656328 0.009126665685102566
-0.0615307653827 0.008778997893983493
-0.0605302651326 0.00868593026931616
-0.0595297648824 0.008595938463156103
-0.0585292646323 0.008488578723159317
-0.0575287643822 0.008360896742489318
-0.0565282641321 0.008262083545277072
-0.0555277638819 0.00823082223218849
-0.0545272636318 0.008133215056905809
-0.0535267633817 0.008031620602002383
-0.0525262631316 0.007947039750335828
-0.0515257628814 0.008025234660579642
-0.0505252626313 0.008035216728579606
-0.0495247623812 0.007929392509613511
-0.0485242621311 0.007930360635767436
-0.0475237618809 0.008167600470463441
-0.0465232616308 0.008509166429270687
-0.0455227613807 0.00800720559153167
-0.0445222611306 0.008220753256920418
-0.0435217608804 0.008001716122791186
-0.0425212606303 0.006023021089786703
-0.0415207603802 0.006013620287611555
-0.0405202601301 0.006143917672057577
-0.0395197598799 0.006279006494261915
-0.0385192596298 0.006244689541937466
-0.0375187593797 0.006121709062688414
-0.0365182591296 0.0060538338754586515
-0.0355177588794 0.00620884961663565
-0.0345172586293 0.006412255121395955
-0.0335167583792 0.006137748037330019
-0.0325162581291 0.006097907030416826
-0.0315157578789 0.0065407843556467725
-0.0305152576288 0.006057959029498315
-0.0295147573787 0.0070374732074449725
-0.0285142571286 0.001106467585637259
-0.0275137568784 0.0011211000868241623
-0.0265132566283 0.0011357782269991656
-0.0255127563782 0.001157446406244817
-0.0245122561281 0.0011820843212454358
-0.0235117558779 0.001209162476451816
-0.0225112556278 0.0012459690720190112
-0.0215107553777 0.0012870871352083865
-0.0205102551276 0.0013412471841852017
-0.0195097548774 0.001413119575331643
-0.0185092546273 0.0014974698856214537
-0.0175087543772 0.0016448330116871366
-0.0165082541271 0.0018856440565992467
-0.0155077538769 0.005111049812727477
-0.0145072536268 0.0017170204661606818
-0.0135067533767 0.0015947484850050622
-0.0125062531266 0.0015010114015728735
-0.0115057528764 0.0013551815184096728
-0.0105052526263 0.001328262378444914
-0.00950475237619 0.001249226385655169
-0.00850425212606 0.0012499590920451494
-0.00750375187594 0.001148223912807077
-0.00650325162581 0.001108919950838234
-0.00550275137569 0.001040124566340919
-0.00450225112556 0.0010455528543785884
-0.00350175087544 0.0010402104366061403
-0.00250125062531 0.0009748368446456808
-0.00150075037519 0.0009449697123720638
-0.000500250125063 0.0009246398396448082
0.000500250125063 0.0009413035327574808
0.00150075037519 0.0008913378151809157
0.00250125062531 0.0010355699273817548
0.00350175087544 0.0005121896746759689
0.00450225112556 0.0002000582859053076
0.00550275137569 0.0002512520375665175
0.00650325162581 0.0003024457892277263
0.00750375187594 0.0003536395408889363
0.00850425212606 0.0004034333143473486
0.00950475237619 0.0004527464858145319
0.0105052526263 0.0006521468984097258
0.0115057528764 0.0006353478850323517
0.0125062531266 0.0006411624651735713
0.0135067533767 0.0006573319936684881
0.0145072536268 0.0007475106152196727
0.0155077538769 0.0008376892367708418
0.0165082541271 0.0009278678583220102
0.0175087543772 0.0010180464798731793
0.0185092546273 0.0011073072662444638
0.0195097548774 0.0011952512208984818
0.0205102551276 0.0011792427200752978
0.0215107553777 0.0014220739915198287
0.0225112556278 0.001443600814384924
0.0235117558779 0.0014651276372500187
0.0245122561281 0.0014910414092817676
0.0255127563782 0.0015264020551803473
0.0265132566283 0.0016743827952183457
0.0275137568784 0.0018223635352563425
0.0285142571286 0.0019703442752943405
0.0295147573787 0.0021183250153323386
0.0305152576288 0.002266301818284868
0.0315157578789 0.0024136172876477874
0.0325162581291 0.0022977151947014725
0.0335167583792 0.0026123516044609116
0.0345172586293 0.002652908810722045
0.0355177588794 0.0026963270659571704
0.0365182591296 0.002739745321192287
0.0375187593797 0.0027831635764274153
0.0385192596298 0.002933001551744842
0.0395197598799 0.0031577890597979845
0.0405202601301 0.003384099963939138
0.0415207603802 0.003610443394638602
0.0425212606303 0.003836786825338076
0.0435217608804 0.004035255975773236
0.0445222611306 0.0038245249035594427
0.0455227613807 0.004190046736599358
0.0465232616308 0.0042506386785945306
0.0475237618809 0.00431116774534708
0.0485242621311 0.004370957249639293
0.0495247623812 0.00443113995215354
0.0505252626313 0.004604550160070816
0.0515257628814 0.004900832604222149
0.0525262631316 0.005196756285952508
0.0535267633817 0.005492679967682871
0.0545272636318 0.005788603649413242
0.0555277638819 0.005801220624919591
0.0565282641321 0.005541137281759544
0.0575287643822 0.005916840302704624
0.0585292646323 0.005997286790631385
0.0595297648824 0.006077835554161573
0.0605302651326 0.006175253457580229
0.0615307653827 0.006279976759232504
0.0625312656328 0.006400571047412348
0.0635317658829 0.006685317330785189
0.0645322661331 0.0069700636141580095
0.0655327663832 0.007177640090081275
0.0665332666333 0.007439382998096724
0.0675337668834 0.007220059918038696
0.0685342671336 0.007134952719802856
0.0695347673837 0.00705200573449295
0.0705352676338 0.007145386788895616
0.0715357678839 0.007391489704237774
0.0725362681341 0.007432761574412174
0.0735367683842 0.007472003899551286
0.0745372686343 0.0075110412219930875
0.0755377688844 0.007335358434475572
0.0765382691346 0.007669635155929971
0.0775387693847 0.007751521036465541
0.0785392696348 0.007764789679825941
0.0795397698849 0.00754285140033822
0.0805402701351 0.007441713181539571
0.0815407703852 0.007580113016519615
0.0825412706353 0.007481692060417434
0.0835417708854 0.00738327194925995
0.0845422711356 0.0072934350043632745
0.0855427713857 0.007331040601788726
0.0865432716358 0.007590647841893413
0.0875437718859 0.007713864096763045
0.0885442721361 0.0077335364425398494
0.0895447723862 0.007747420675462766
0.0905452726363 0.00778818209483148
0.0915457728864 0.007926784298626505
0.0925462731366 0.007986790640094853
0.0935467733867 0.007980051363606714
0.0945472736368 0.00796976067798742
0.0955477738869 0.008003620651194598
0.0965482741371 0.008043019796657643
0.0975487743872 0.008070572929671973
0.0985492746373 0.008103228954804437
0.0995497748874 0.008195530811949365
0.100550275138 0.008257080111439306
0.101550775388 0.008355116441879779
0.102551275638 0.008429033738819616
0.103551775888 0.008501465869526067
0.104552276138 0.008568867708563972
0.105552776388 0.008635759056377949
0.106553276638 0.010665936320569164
0.107553776888 0.010742697772344057
0.108554277139 0.010950011889680011
0.109554777389 0.010806936164703879
0.110555277639 0.010706005761694367
0.111555777889 0.010735468781719743
0.112556278139 0.010772093570351676
0.113556778389 0.010893162229553766
0.114557278639 0.010919610525940367
0.115557778889 0.010912642816031035
0.11655827914 0.010990984536630864
0.11755877939 0.01095849524247284
0.11855927964 0.010985542996226056
0.11955977989 0.0110180194925437
0.12056028014 0.01105178500034688
0.12156078039 0.01111926639138662
0.12256128064 0.011163833406350285
0.12356178089 0.011177864960957613
0.124562281141 0.011438137715098051
0.125562781391 0.011480053595447907
0.126563281641 0.011509235819916528
0.127563781891 0.011476149536353755
0.128564282141 0.011440849275197352
0.129564782391 0.011428445458559998
0.130565282641 0.011445803996701445
0.131565782891 0.011452094649179505
0.132566283142 0.011501614778365754
0.133566783392 0.011456903973699724
0.134567283642 0.011462562152222754
0.135567783892 0.011479944728526
0.136568284142 0.011505959200677011
0.137568784392 0.012627748852305302
0.138569284642 0.01753293737264948
0.139569784892 0.01750269903303229
0.140570285143 0.016999065156027567
0.141570785393 0.017299445569028727
0.142571285643 0.017750487760322828
0.143571785893 0.017875705420227646
0.144572286143 0.017566677575707478
0.145572786393 0.017434077338633485
0.146573286643 0.017392145579670008
0.147573786893 0.017498747931853315
0.148574287144 0.01761927274366742
0.149574787394 0.017767093274836325
0.150575287644 0.01793835444596223
0.151575787894 0.018016306084221754
0.152576288144 0.01809257030788235
0.153576788394 0.018045338183172874
0.154577288644 0.017995022728142497
0.155577788894 0.02020911290998316
0.156578289145 0.021162548213586443
0.157578789395 0.020707623606034214
0.158579289645 0.021092944021284886
0.159579789895 0.02132291611639075
0.160580290145 0.021900851576174676
0.161580790395 0.02118523047468129
0.162581290645 0.020788357467603314
0.163581790895 0.02062637446754786
0.164582291146 0.020464974302651307
0.165582791396 0.020441533252725904
0.166583291646 0.020452804668731395
0.167583791896 0.020538686967819422
0.168584292146 0.02062505576799933
0.169584792396 0.02054732008656464
0.170585292646 0.0203938957293591
0.171585792896 0.020314397570533445
0.172586293147 0.02032403661019717
0.173586793397 0.020526992592696188
0.174587293647 0.020655278049606443
0.175587793897 0.020797549233805168
0.176588294147 0.02078675910994807
0.177588794397 0.020753409811170482
0.178589294647 0.02071315085642877
0.179589794897 0.02078398639918604
0.180590295148 0.02074370798008005
0.181590795398 0.020683455334527943
0.182591295648 0.020599562601411003
0.183591795898 0.02104396161052232
0.184592296148 0.021180054372724126
0.185592796398 0.021360014108995143
0.186593296648 0.021521900997353557
0.187593796898 0.02177367479801164
0.188594297149 0.021908231396013302
0.189594797399 0.02182269005356306
0.190595297649 0.022706045199015354
0.191595797899 0.022869599493962684
0.192596298149 0.023306769727081317
0.193596798399 0.025466180166624316
0.194597298649 0.027406352486162435
0.195597798899 0.04632574628352099
0.19659829915 0.04862293310790567
0.1975987994 0.04248496256182117
0.19859929965 0.03795725697705468
0.1995997999 0.0374750861680631
0.20060030015 0.03753235883265083
0.2016008004 0.037229017903091154
0.20260130065 0.03549817734731074
0.2036018009 0.03489764830414927
0.204602301151 0.0346412656075655
0.205602801401 0.03469638289388253
0.206603301651 0.035769518798316816
0.207603801901 0.03884267566445258
0.208604302151 0.03628360088290186
0.209604802401 0.035909530105705696
0.210605302651 0.03564642896290311
0.211605802901 0.03570512035656753
0.212606303152 0.03544848210323257
0.213606803402 0.03489877588949188
0.214607303652 0.034929684718605046
0.215607803902 0.03498081635579209
0.216608304152 0.03508751349334929
0.217608804402 0.03522227632788905
0.218609304652 0.035061085641010556
0.219609804902 0.03473710675902708
0.220610305153 0.03430853078745222
0.221610805403 0.03409899763944252
0.222611305653 0.03405090771420704
0.223611805903 0.03435752635529821
0.224612306153 0.034955129115768785
0.225612806403 0.035591581680648826
0.226613306653 0.03606052428075881
0.227613806903 0.036539317171105076
0.228614307154 0.03707436212583462
0.229614807404 0.03717146040361603
0.230615307654 0.03686899979376703
0.231615807904 0.0365270016310415
0.232616308154 0.03606295247305285
0.233616808404 0.03561689942588964
0.234617308654 0.035402178200159076
0.235617808904 0.035224200462253
0.236618309155 0.03504926127385061
0.237618809405 0.03498991091573672
0.238619309655 0.03495026247187284
0.239619809905 0.03494926274894567
0.240620310155 0.03498307386412071
0.241620810405 0.03502691007800387
0.242621310655 0.03508667665757527
0.243621810905 0.03514811869503402
0.244622311156 0.035133899149566064
0.245622811406 0.03484788179110209
0.246623311656 0.03461144032540582
0.247623811906 0.034382948100944666
0.248624312156 0.03433966645553526
0.249624812406 0.03427809604675513
0.250625312656 0.03428898048032502
0.251625812906 0.034180047156565994
0.252626313157 0.034196216268819885
0.253626813407 0.03428524126742793
0.254627313657 0.034115398863127706
0.255627813907 0.03395612719537157
0.256628314157 0.03377543047041127
0.257628814407 0.033632308640485886
0.258629314657 0.03357702957322426
0.259629814907 0.03354373914020344
0.260630315158 0.03350950064339114
0.261630815408 0.03350430787192967
0.262631315658 0.03351082611908842
0.263631815908 0.033526471220521825
0.264632316158 0.03353756601447186
0.265632816408 0.03357165166533255
0.266633316658 0.033596430383202265
0.267633816908 0.03359188759779937
0.268634317159 0.033453785861675175
0.269634817409 0.03326963035370645
0.270635317659 0.033110130941663776
0.271635817909 0.033011167685041296
0.272636318159 0.03300213227331859
0.273636818409 0.03297766477712395
0.274637318659 0.03339626495169286
0.275637818909 0.03330425909269142
0.27663831916 0.03333895617784802
0.27763881941 0.03327969115664821
0.27863931966 0.033527661286511745
0.27963981991 0.03378397013288631
0.28064032016 0.03407660110256315
0.28164082041 0.034293881052221406
0.28264132066 0.03422800541128088
0.28364182091 0.034167746771947664
0.284642321161 0.03410652306673156
0.285642821411 0.03414204261025616
0.286643321661 0.03419605623606065
0.287643821911 0.03418886411612867
0.288644322161 0.0342310524128196
0.289644822411 0.034267676916463964
0.290645322661 0.03430221003970939
0.291645822911 0.034331767740474195
0.292646323162 0.034379988200933166
0.293646823412 0.03442015501843538
0.294647323662 0.034396142010568294
0.295647823912 0.034388236002139694
0.296648324162 0.03442891153950054
0.297648824412 0.034527295451529855
0.298649324662 0.03435791429044499
0.299649824912 0.03447059880432452
0.300650325163 0.03450937613477909
0.301650825413 0.034782591449777515
0.302651325663 0.03525493576730688
0.303651825913 0.03709169341496694
0.304652326163 0.03529376055657899
0.305652826413 0.035417502791511325
0.306653326663 0.03555330567502153
0.307653826913 0.03570873680829143
0.308654327164 0.03586614477050769
0.309654827414 0.035949554543136024
0.310655327664 0.036082873863059084
0.311655827914 0.0362641715213665
0.312656328164 0.03655293728167191
0.313656828414 0.03640910350170124
0.314657328664 0.03646397989471751
0.315657828914 0.03650104686262036
0.316658329165 0.03667826283470818
0.317658829415 0.036857997436589233
0.318659329665 0.03700773716394308
0.319659829915 0.03730783809526659
0.320660330165 0.03753054392511199
0.321660830415 0.03755577998490347
0.322661330665 0.037620294493882746
0.323661830915 0.037710159301016816
0.324662331166 0.03810707140203281
0.325662831416 0.03850237645064916
0.326663331666 0.03830528717161045
0.327663831916 0.03844012640762053
0.328664332166 0.039049011287480534
0.329664832416 0.039382872660607984
0.330665332666 0.039332901839593454
0.331665832916 0.03930058657041789
0.332666333167 0.03946303458653724
0.333666833417 0.03939638867260268
0.334667333667 0.03930917822370223
0.335667833917 0.039212932489006994
0.336668334167 0.03935393316615137
0.337668834417 0.03954435866331898
0.338669334667 0.04023344243450452
0.339669834917 0.040864988261166614
0.340670335168 0.04150242360441708
0.341670835418 0.0434915399731814
0.342671335668 0.04232383201854407
0.343671835918 0.04161695754026588
0.344672336168 0.041111742527315025
0.345672836418 0.040638886099188004
0.346673336668 0.04026651652094975
0.347673836918 0.04016905901415353
0.348674337169 0.040286769928983626
0.349674837419 0.04040570612838799
0.350675337669 0.040656624082815625
0.351675837919 0.04079672430177572
0.352676338169 0.040323588334128094
0.353676838419 0.040540417304620664
0.354677338669 0.040908973708915816
0.355677838919 0.041300754343896386
0.35667833917 0.042038467377749966
0.35767883942 0.04163199349152076
0.35867933967 0.041744620199528126
0.35967983992 0.04163530617068918
0.36068034017 0.041729092005871535
0.36168084042 0.041635224198815754
0.36268134067 0.04160329787731687
0.36368184092 0.041715662350943365
0.364682341171 0.04183604126780896
0.365682841421 0.04194180686019398
0.366683341671 0.041683255118623495
0.367683841921 0.04168939626411069
0.368684342171 0.04169982091083554
0.369684842421 0.041719896326861926
0.370685342671 0.04176468278759091
0.371685842921 0.041966419986746765
0.372686343172 0.04203564574898457
0.373686843422 0.042137587572603385
0.374687343672 0.04212850700510124
0.375687843922 0.04206664727361895
0.376688344172 0.04202736847262162
0.377688844422 0.04199917617048305
0.378689344672 0.042008508283625366
0.379689844922 0.042064309390023404
0.380690345173 0.0421569077217306
0.381690845423 0.04222251606980601
0.382691345673 0.042282521002306304
0.383691845923 0.04237606767373841
0.384692346173 0.04245804093236486
0.385692846423 0.042968344916558834
0.386693346673 0.043606491721011366
0.387693846923 0.044344948556343
0.388694347174 0.04653319991256309
0.389694847424 0.04529969176486707
0.390695347674 0.045222549764264784
0.391695847924 0.04570519711912304
0.392696348174 0.04614849251106071
0.393696848424 0.04594417708845196
0.394697348674 0.046069633950962696
0.395697848924 0.046179099896728325
0.396698349175 0.04641812547475267
0.397698849425 0.04669233929940467
0.398699349675 0.046875361159565684
0.399699849925 0.047037526311941705
0.400700350175 0.047386775679495285
0.401700850425 0.04773590748775218
0.402701350675 0.04764297390727068
0.403701850925 0.047609863233280904
0.404702351176 0.04750670408574209
0.405702851426 0.04729626165977551
0.406703351676 0.047533129142315785
0.407703851926 0.047846028864222186
0.408704352176 0.047702632050992136
0.409704852426 0.047762154576907453
0.410705352676 0.04787838580861603
0.411705852926 0.04801772461976211
0.412706353177 0.048184021579006336
0.413706853427 0.04819462198717378
0.414707353677 0.04821556408500752
0.415707853927 0.04834466774201836
0.416708354177 0.04886020963426284
0.417708854427 0.049683273362082545
0.418709354677 0.05047849085324088
0.419709854927 0.05135712953950561
0.420710355178 0.052368294684514594
0.421710855428 0.05265031327033524
0.422711355678 0.05233545726394213
0.423711855928 0.05203679185130965
0.424712356178 0.05217709858414971
0.425712856428 0.05253359855965793
0.426713356678 0.05221937423211539
0.427713856928 0.05238626798458545
0.428714357179 0.052513417909916794
0.429714857429 0.05260794983424978
0.430715357679 0.052693160472104456
0.431715857929 0.052811827477877604
0.432716358179 0.05302366734197534
0.433716858429 0.05314902566067287
0.434717358679 0.05309949468483282
0.435717858929 0.05309732056925582
0.43671835918 0.05323364083377052
0.43771885943 0.0531257223117406
0.43871935968 0.05314146786447961
0.43971985993 0.053501854073890326
0.44072036018 0.05364163536517938
0.44172086043 0.0542039971073594
0.44272136068 0.0556014516558873
0.44372186093 0.0569588190888866
0.444722361181 0.05836102039875959
0.445722861431 0.06072165638432603
0.446723361681 0.06285168537520186
0.447723861931 0.06032797747588528
0.448724362181 0.060028262311248276
0.449724862431 0.060327571278411166
0.450725362681 0.0607225272190624
0.451725862931 0.06097930575790541
0.452726363182 0.061367732696443814
0.453726863432 0.06184020386789635
0.454727363682 0.0629782762245491
0.455727863932 0.06271728263665755
0.456728364182 0.06252089583430652
0.457728864432 0.06326340121526963
0.458729364682 0.06386446093238611
0.459729864932 0.06452843808464168
0.460730365183 0.06816639197766101
0.461730865433 0.0675236705357937
0.462731365683 0.06520419727518384
0.463731865933 0.06467229474612322
0.464732366183 0.06428480545990582
0.465732866433 0.06409330688511128
0.466733366683 0.06391300210862921
0.467733866933 0.06374370569162732
0.468734367184 0.06387734000539204
0.469734867434 0.06385602671916794
0.470735367684 0.06388244126305577
0.471735867934 0.06385320672224518
0.472736368184 0.06396433778110444
0.473736868434 0.06415327446888974
0.474737368684 0.06424524085248302
0.475737868934 0.06433867948880662
0.476738369185 0.06441364982630919
0.477738869435 0.06450243478551
0.478739369685 0.06460585138489286
0.479739869935 0.06470382801615271
0.480740370185 0.06497184906894254
0.481740870435 0.06527777109012192
0.482741370685 0.06550291569288978
0.483741870935 0.06561254243711155
0.484742371186 0.06557176953444173
0.485742871436 0.06555337112507768
0.486743371686 0.0656807686122452
0.487743871936 0.0657898042664309
0.488744372186 0.0659917953690989
0.489744872436 0.06626876600035264
0.490745372686 0.06673574966083669
0.491745872936 0.06728208209600685
0.492746373187 0.0699121224465933
0.493746873437 0.07148036309394872
0.494747373687 0.0723914623021709
0.495747873937 0.07326740809324243
0.496748374187 0.0745895664101401
0.497748874437 0.07516610620599971
0.498749374687 0.0751573801435525
0.499749874937 0.07538186387727568
0.500750375188 0.07573078496742873
0.501750875438 0.07611631850058871
0.502751375688 0.07654938091790495
0.503751875938 0.07714558996682803
0.504752376188 0.07772045979577723
0.505752876438 0.07823838163798874
0.506753376688 0.07882306043432068
0.507753876938 0.07917387386582919
0.508754377189 0.07941955867490143
0.509754877439 0.0795494784374674
0.510755377689 0.07954611584769265
0.511755877939 0.0800420459237849
0.512756378189 0.08009364177166735
0.513756878439 0.08026029274897521
0.514757378689 0.08037298912907573
0.515757878939 0.08039888029686684
0.51675837919 0.08028912638739
0.51775887944 0.08031787923817718
0.51875937969 0.08072357206212602
0.51975987994 0.08114165403520797
0.52076038019 0.08192114127544384
0.52176088044 0.08321723411182001
0.52276138069 0.08267153843060228
0.52376188094 0.08225425672396348
0.524762381191 0.08172372305840124
0.525762881441 0.08121798629647402
0.526763381691 0.08136796010969076
0.527763881941 0.08146325740605909
0.528764382191 0.08181843739261101
0.529764882441 0.08198960800503004
0.530765382691 0.08196588758819928
0.531765882941 0.08187547114285725
0.532766383192 0.08171372363303517
0.533766883442 0.08190244442021584
0.534767383692 0.08181135278617718
0.535767883942 0.08192747081624076
0.536768384192 0.08212235503343822
0.537768884442 0.08236998893660114
0.538769384692 0.08303283091593655
0.539769884942 0.08289001301381986
0.540770385193 0.08319378587791618
0.541770885443 0.0834118288427116
0.542771385693 0.0844890325222813
0.543771885943 0.0841208758018889
0.544772386193 0.08340150248645546
0.545772886443 0.08329463801425152
0.546773386693 0.08293862974520196
0.547773886943 0.08273200648348894
0.548774387194 0.08287466846417015
0.549774887444 0.08266151290064035
0.550775387694 0.08243201982344989
0.551775887944 0.08233645702662926
0.552776388194 0.0834076602412229
0.553776888444 0.08474541262107928
0.554777388694 0.08612656359407814
0.555777888944 0.0900292296233286
0.556778389195 0.08707540420247692
0.557778889445 0.08839232145014633
0.558779389695 0.0883220615097279
0.559779889945 0.08917693860904882
0.560780390195 0.08823834281658866
0.561780890445 0.08840888534756439
0.562781390695 0.08880591412225224
0.563781890945 0.08913880118848354
0.564782391196 0.08962632936122597
0.565782891446 0.0906768847699035
0.566783391696 0.0908721363259458
0.567783891946 0.09153088615852358
0.568784392196 0.09223589545341468
0.569784892446 0.09273563685909093
0.570785392696 0.09279468426412307
0.571785892946 0.0927572704406579
0.572786393197 0.0925480267862182
0.573786893447 0.09223837722740713
0.574787393697 0.09214324027212134
0.575787893947 0.09235523031765619
0.576788394197 0.09268908421684253
0.577788894447 0.0930503957111065
0.578789394697 0.09409871201208288
0.579789894947 0.09353572501374396
0.580790395198 0.0936633470072546
0.581790895448 0.09529507026280333
0.582791395698 0.09469989637761203
0.583791895948 0.09585826818418006
0.584792396198 0.09721116875424152
0.585792896448 0.09644997603264388
0.586793396698 0.09718516592022522
0.587793896948 0.09785077832652961
0.588794397199 0.09761830405628459
0.589794897449 0.09828884162483917
0.590795397699 0.09964656105298642
0.591795897949 0.0991945342587772
0.592796398199 0.09966847298612323
0.593796898449 0.1011865423093632
0.594797398699 0.10104771561320403
0.595797898949 0.10159924015026225
0.5967983992 0.1025328270342077
0.59779889945 0.10282512270685518
0.5987993997 0.10394466257353484
0.59979989995 0.1051859517214447
0.6008004002 0.10482916873029421
0.60180090045 0.11292758856877738
0.6028014007 0.12160552161115853
0.60380190095 0.12918927720876966
0.604802401201 0.13763137142238036
0.605802901451 0.14322800494837704
0.606803401701 0.15539161197175413
0.607803901951 0.15214873649113295
0.608804402201 0.14467105229989846
0.609804902451 0.13701049967603424
0.610805402701 0.13527656331318363
0.611805902951 0.1329665582146563
0.612806403202 0.1309520878985105
0.613806903452 0.13135150954680283
0.614807403702 0.13109824549840313
0.615807903952 0.1310891206040954
0.616808404202 0.13125237562753764
0.617808904452 0.13126744982297656
0.618809404702 0.13116435850245473
0.619809904952 0.1333758180169176
0.620810405203 0.13846632195477462
0.621810905453 0.13669238129038386
0.622811405703 0.1341446214308535
0.623811905953 0.13064826005083566
0.624812406203 0.1287134809897937
0.625812906453 0.1261816173376071
0.626813406703 0.12479144743808797
0.627813906953 0.12517434115524306
0.628814407204 0.12447993207376552
0.629814907454 0.12410961162827569
0.630815407704 0.12448719093682244
0.631815907954 0.13160361386385425
0.632816408204 0.12596349614653202
0.633816908454 0.1261047947689679
0.634817408704 0.12237147749232737
0.635817908954 0.12142840218432069
0.636818409205 0.12075403924127329
0.637818909455 0.11981521859292778
0.638819409705 0.11871607075437268
0.639819909955 0.11783964574942607
0.640820410205 0.11748948758193717
0.641820910455 0.11691160897766151
0.642821410705 0.11649148423925751
0.643821910955 0.11625780911179959
0.644822411206 0.11584379538741764
0.645822911456 0.11554023416506014
0.646823411706 0.11529858346944888
0.647823911956 0.1156933013807638
0.648824412206 0.1175950538974757
0.649824912456 0.11844781476289144
0.650825412706 0.11897959900208686
0.651825912956 0.12011788642255733
0.652826413207 0.12087282494201948
0.653826913457 0.12100123503234872
0.654827413707 0.12004076672919618
0.655827913957 0.12000023244759261
0.656828414207 0.11962660056586376
0.657828914457 0.11941863480719839
0.658829414707 0.1193341655069737
0.659829914957 0.12002998722334006
0.660830415208 0.12067393647545326
0.661830915458 0.1212496288215152
0.662831415708 0.12319109360046332
0.663831915958 0.12345928235743024
0.664832416208 0.12168841931692131
0.665832916458 0.12130782014378996
0.666833416708 0.12111023172996806
0.667833916958 0.12139891434453905
0.668834417209 0.12180611586212846
0.669834917459 0.1215722393435799
0.670835417709 0.12096681986038939
0.671835917959 0.12134972707436639
0.672836418209 0.1224329594243868
0.673836918459 0.12395091291213119
0.674837418709 0.12369636370438569
0.675837918959 0.12291556443820861
0.67683841921 0.12317500104908846
0.67783891946 0.1239145977233509
0.67883941971 0.12484066066365575
0.67983991996 0.12714688288908413
0.68084042021 0.12755715910288776
0.68184092046 0.13055441834773515
0.68284142071 0.13340601373107738
0.68384192096 0.13617560129133718
0.684842421211 0.13906491327795398
0.685842921461 0.14753648706229014
0.686843421711 0.14793999732763252
0.687843921961 0.14394755316741312
0.688844422211 0.13868414314156927
0.689844922461 0.13528518628258024
0.690845422711 0.13391411907400105
0.691845922961 0.13522312335909015
0.692846423212 0.14972021982346956
0.693846923462 0.14941988977229323
0.694847423712 0.15120247639656034
0.695847923962 0.14988770480538774
0.696848424212 0.14687533493334615
0.697848924462 0.14664265547630043
0.698849424712 0.14664164795526236
0.699849924962 0.15907610014606738
0.700850425213 0.16537782411797358
0.701850925463 0.16038907525734228
0.702851425713 0.16208922176110252
0.703851925963 0.1623971033457963
0.704852426213 0.15942374531173634
0.705852926463 0.15788479503556369
0.706853426713 0.15851164599523504
0.707853926963 0.15866499878417045
0.708854427214 0.17109986926644608
0.709854927464 0.17217860789839495
0.710855427714 0.17114796758328552
0.711855927964 0.16970502711780172
0.712856428214 0.17040286429087192
0.713856928464 0.17269766347104595
0.714857428714 0.1701504827163959
0.715857928964 0.17120611407562358
0.716858429215 0.16934776644965602
0.717858929465 0.16928261349081078
0.718859429715 0.1686130952070653
0.719859929965 0.16752403690150164
0.720860430215 0.16626355086545846
0.721860930465 0.1658613901296259
0.722861430715 0.16488239180583433
0.723861930965 0.1646288843248238
0.724862431216 0.16443926508831613
0.725862931466 0.16473465791784245
0.726863431716 0.16502899972611412
0.727863931966 0.16539861138822914
0.728864432216 0.16575861098207229
0.729864932466 0.1659885209938965
0.730865432716 0.1667503192356669
0.731865932966 0.16618188496751413
0.732866433217 0.16736355814611853
0.733866933467 0.16768307761931367
0.734867433717 0.1692218172302769
0.735867933967 0.1682395169040574
0.736868434217 0.16815924114498373
0.737868934467 0.16826369673374741
0.738869434717 0.1681933573510905
0.739869934967 0.1682179635584066
0.740870435218 0.16884805927626192
0.741870935468 0.1688864975443332
0.742871435718 0.16942874968139646
0.743871935968 0.17110131590943767
0.744872436218 0.1720683098429453
0.745872936468 0.170862988576867
0.746873436718 0.17221560055333485
0.747873936968 0.17379285510462097
0.748874437219 0.17447502603213413
0.749874937469 0.17347221513208366
0.750875437719 0.17423821295473738
0.751875937969 0.17490636519492048
0.752876438219 0.17524187955239792
0.753876938469 0.17672155889674188
0.754877438719 0.1769899119979379
0.755877938969 0.17654201261799465
0.75687843922 0.17721074660828307
0.75787893947 0.17697221145359418
0.75887943972 0.17588881576148654
0.75987993997 0.175876599474695
0.76088044022 0.17684003163953663
0.76188094047 0.17842913413716885
0.76288144072 0.18037553471660375
0.76388194097 0.18331593882901057
0.764882441221 0.1809375828145048
0.765882941471 0.17881883317575634
0.766883441721 0.17832247263800916
0.767883941971 0.1780452333990663
0.768884442221 0.1795248858312531
0.769884942471 0.17865518893049734
0.770885442721 0.23162126422135582
0.771885942971 0.2178743683067625
0.772886443222 0.21837629151276458
0.773886943472 0.22130348781010667
0.774887443722 0.21860170112519606
0.775887943972 0.21617383210834465
0.776888444222 0.21500688544305063
0.777888944472 0.20994831539572448
0.778889444722 0.2082759528958329
0.779889944972 0.21065951371952046
0.780890445223 0.2078266157887248
0.781890945473 0.20728317041403016
0.782891445723 0.20543754161261135
0.783891945973 0.20602218638835965
0.784892446223 0.2059986317023341
0.785892946473 0.20209469638422276
0.786893446723 0.2013830075717314
0.787893946973 0.2011661108586811
0.788894447224 0.2014770411660927
0.789894947474 0.20192715263037894
0.790895447724 0.20175491436830303
0.791895947974 0.20187304988535082
0.792896448224 0.2054287529334876
0.793896948474 0.2121869589860986
0.794897448724 0.20740000230385697
0.795897948974 0.21343961891746863
0.796898449225 0.21892821069225635
0.797898949475 0.2194712579119659
0.798899449725 0.21757621733857355
0.799899949975 0.20992418195703103
0.800900450225 0.20516195730088693
0.801900950475 0.20284007863017045
0.802901450725 0.2012868207360508
0.803901950975 0.20036524804350306
0.804902451226 0.19974879941774037
0.805902951476 0.1994337803675669
0.806903451726 0.19935081071525773
0.807903951976 0.1987048154315413
0.808904452226 0.19906766328546732
0.809904952476 0.20010584557256086
0.810905452726 0.20853793447543248
0.811905952976 0.20624000173045676
0.812906453227 0.20691228416137664
0.813906953477 0.20152372555327197
0.814907453727 0.19782847518547675
0.815907953977 0.192376134451751
0.816908454227 0.19132308847698415
0.817908954477 0.18925661017230655
0.818909454727 0.18912520000681973
0.819909954977 0.1909858367293349
0.820910455228 0.19191706074100653
0.821910955478 0.18952899921149907
0.822911455728 0.19098586467745404
0.823911955978 0.19185744402895363
0.824912456228 0.20721024126060875
0.825912956478 0.1885209919024857
0.826913456728 0.1857810537091301
0.827913956978 0.18332057006065727
0.828914457229 0.18121218677819168
0.829914957479 0.1797438055148129
0.830915457729 0.17823258255156993
0.831915957979 0.17664124067973697
0.832916458229 0.17441820926038354
0.833916958479 0.1737427580842637
0.834917458729 0.17277770978232387
0.835917958979 0.17186228231183745
0.83691845923 0.17225244249073984
0.83791895948 0.16855784828124218
0.83891945973 0.1688267151790636
0.83991995998 0.1754108453928556
0.84092046023 0.17345582109069532
0.84192096048 0.17229694472989798
0.84292146073 0.17262348227729093
0.84392196098 0.17269441917341288
0.844922461231 0.17120305462767055
0.845922961481 0.16999144863355956
0.846923461731 0.1687298870809405
0.847923961981 0.16815599856620053
0.848924462231 0.16779657379164523
0.849924962481 0.16765408233038134
0.850925462731 0.16835987686056486
0.851925962981 0.16918775193231456
0.852926463232 0.17173297332239873
0.853926963482 0.1676466220497665
0.854927463732 0.16370455798405156
0.855927963982 0.1599600811940508
0.856928464232 0.15609606299874515
0.857928964482 0.1536570064733851
0.858929464732 0.1539141046905927
0.859929964982 0.15443936710932446
0.860930465233 0.15570437007873084
0.861930965483 0.15645825595599408
0.862931465733 0.15833326786815297
0.863931965983 0.15592038543315237
0.864932466233 0.15603493422643216
0.865932966483 0.15604780429966106
0.866933466733 0.1567628099112644
0.867933966983 0.15663849938446686
0.868934467234 0.15490909457583338
0.869934967484 0.1549325874362617
0.870935467734 0.15554780367203808
0.871935967984 0.15682567949566356
0.872936468234 0.1587805257678533
0.873936968484 0.16150933251886493
0.874937468734 0.16288169697204014
0.875937968984 0.15803249659638832
0.876938469235 0.15434961096293337
0.877938969485 0.15364183078647595
0.878939469735 0.15315038126500857
0.879939969985 0.15350757152049085
0.880940470235 0.1539357848614985
0.881940970485 0.1543827696598513
0.882941470735 0.1546960969011605
0.883941970985 0.155903479981416
0.884942471236 0.15649532053030074
0.885942971486 0.15782232970060148
0.886943471736 0.15958870394712046
0.887943971986 0.16102670905392177
0.888944472236 0.16400721787178235
0.889944972486 0.16562284683162087
0.890945472736 0.1716734143701698
0.891945972986 0.1784564403995506
0.892946473237 0.18407750211353907
0.893946973487 0.19053075239581294
0.894947473737 0.19568902598169788
0.895947973987 0.19925552694816612
0.896948474237 0.20550137740675284
0.897948974487 0.2196298665590082
0.898949474737 0.23681111490286366
0.899949974987 0.22798905284913312
0.900950475238 0.20913460437469092
0.901950975488 0.20033195084101635
0.902951475738 0.1965470410812714
0.903951975988 0.19060662001686748
0.904952476238 0.1877361580347983
0.905952976488 0.1845384627931375
0.906953476738 0.1833632322345584
0.907953976988 0.182922356103131
0.908954477239 0.18347113540048354
0.909954977489 0.17455590427825526
0.910955477739 0.171243648940125
0.911955977989 0.1679145665204603
0.912956478239 0.16529738788923912
0.913956978489 0.16261917911852342
0.914957478739 0.16001726977130348
0.915957978989 0.1605200066154997
0.91695847924 0.16016924664644647
0.91795897949 0.16001862465677136
0.91895947974 0.17108074133322737
0.91995997999 0.1971393036708505
0.92096048024 0.21042871990944184
0.92196098049 0.2167951987872629
0.92296148074 0.2007704863141426
0.92396198099 0.17683625956667598
0.924962481241 0.1710613238368977
0.925962981491 0.16202084740894143
0.926963481741 0.155670501811775
0.927963981991 0.15250140211855073
0.928964482241 0.15153501409242537
0.929964982491 0.15038723781692556
0.930965482741 0.14436803306985957
0.931965982991 0.14174973224017406
0.932966483242 0.14097546142238518
0.933966983492 0.13995326647870418
0.934967483742 0.1394360601695459
0.935967983992 0.13912550792603492
0.936968484242 0.140179114287189
0.937968984492 0.13964047887694978
0.938969484742 0.13834310409809397
0.939969984992 0.137464633799946
0.940970485243 0.13745438495779333
0.941970985493 0.1362191029315733
0.942971485743 0.1358110454109387
0.943971985993 0.13555606180407054
0.944972486243 0.1353240571100446
0.945972986493 0.1344219555980699
0.946973486743 0.1341226592888205
0.947973986993 0.1334183443281317
0.948974487244 0.13292954753045355
0.949974987494 0.13258130123512613
0.950975487744 0.13233925332211652
0.951975987994 0.13208509826575532
0.952976488244 0.13169023723190515
0.953976988494 0.1313332382780963
0.954977488744 0.13119669763829636
0.955977988994 0.13112567982625636
0.956978489245 0.13154039693725675
0.957978989495 0.13171060878354285
0.958979489745 0.13268319297802852
0.959979989995 0.133631373145745
0.960980490245 0.13448953580010403
0.961980990495 0.13706739482364091
0.962981490745 0.1448480959802932
0.963981990995 0.16972057299692578
0.964982491246 0.17592622935036456
0.965982991496 0.18150553085580642
0.966983491746 0.18599681714307706
0.967983991996 0.19789718407080234
0.968984492246 0.2097309475521704
0.969984992496 0.2026963000289192
0.970985492746 0.210865552034192
0.971985992996 0.19584836670893419
0.972986493247 0.19112944612780752
0.973986993497 0.18561916631608366
0.974987493747 0.18687745029608996
0.975987993997 0.1827758759784279
0.976988494247 0.17164721203293878
0.977988994497 0.16853386771136591
0.978989494747 0.16279579739557123
0.979989994997 0.16293564516829326
0.980990495248 0.16105510959141559
0.981990995498 0.15921916444712575
0.982991495748 0.1585037167757857
0.983991995998 0.15747056092531833
0.984992496248 0.156597735957523
0.985992996498 0.1565544166263412
0.986993496748 0.15733393077543922
0.987993996998 0.15727343891288148
0.988994497249 0.15728405697529282
0.989994997499 0.15825155592511583
0.990995497749 0.1605603695871359
0.991995997999 0.16294098446039773
0.992996498249 0.16479254038669386
0.993996998499 0.16958750300642703
0.994997498749 0.16121920018163777
0.995997999 0.15809153911962734
0.99699849925 0.1563366031575031
0.9979989995 0.15628249204839326
0.99899949975 0.156715403799027
1.0 0.15278725346523814
