-1.0 0.05551927178377191
-0.99899949975 0.05511024542649418
-0.9979989995 0.055133674876022574
-0.99699849925 0.05589865665733119
-0.995997999 0.055424462559629586
-0.994997498749 0.05499121046329704
-0.993996998499 0.05469993836038691
-0.992996498249 0.05590716218110833
-0.991995997999 0.057456144858332385
-0.990995497749 0.0554096506058772
-0.989994997499 0.055370308545694955
-0.988994497249 0.05614769454863917
-0.987993996998 0.05590003841243132
-0.986993496748 0.05629690389766131
-0.985992996498 0.058566371454572906
-0.984992496248 0.05750320981376868
-0.983991995998 0.05736132724074304
-0.982991495748 0.05503316468380317
-0.981990995498 0.05493301593918911
-0.980990495248 0.054844927135458826
-0.979989994997 0.05512754479554912
-0.978989494747 0.05483933387004421
-0.977988994497 0.054271321859029824
-0.976988494247 0.05424420179532262
-0.975987993997 0.05416842884618744
-0.974987493747 0.05456008825455822
-0.973986993497 0.05479523066899079
-0.972986493247 0.058736429927432804
-0.971985992996 0.05970616796376831
-0.970985492746 0.06042897463245958
-0.969984992496 0.06101052785652244
-0.968984492246 0.06160401220534862
-0.967983991996 0.06265632712952622
-0.966983491746 0.06361945404565111
-0.965982991496 0.0841768206207352
-0.964982491246 0.07235603579986945
-0.963981990995 0.07655229804941292
-0.962981490745 0.08313059622541517
-0.961980990495 0.10289095608805045
-0.960980490245 0.08009408459603215
-0.959979989995 0.07486583859919603
-0.958979489745 0.07136540108968163
-0.957978989495 0.06856301902054728
-0.956978489245 0.06701815589715297
-0.955977988994 0.06585598270056725
-0.954977488744 0.06508186767088306
-0.953976988494 0.06650145266996098
-0.952976488244 0.06654990993137677
-0.951975987994 0.06793968768195875
-0.950975487744 0.06622521113414996
-0.949974987494 0.06536377208580713
-0.948974487244 0.06397944757342837
-0.947973986993 0.06325511635689832
-0.946973486743 0.06195673829755879
-0.945972986493 0.06324105170589488
-0.944972486243 0.04908886734745816
-0.943971985993 0.04867726160642285
-0.942971485743 0.048681106983788414
-0.941970985493 0.04833180631531736
-0.940970485243 0.0477606296085314
-0.939969984992 0.04722420951571003
-0.938969484742 0.04697131360953483
-0.937968984492 0.04663451408374594
-0.936968484242 0.04633228043283944
-0.935967983992 0.046318466845104274
-0.934967483742 0.046579371486136764
-0.933966983492 0.04640326745363165
-0.932966483242 0.047011275470606885
-0.931965982991 0.04903423899013228
-0.930965482741 0.04753405096682095
-0.929964982491 0.04693742013842963
-0.928964482241 0.04697125028067779
-0.927963981991 0.046316505914959394
-0.926963481741 0.04581965575054008
-0.925962981491 0.04549444888373904
-0.924962481241 0.0449231747740346
-0.92396198099 0.04470139774366128
-0.92296148074 0.04458361369606752
-0.92196098049 0.04442533934037764
-0.92096048024 0.04472790216123637
-0.91995997999 0.044864735783549665
-0.91895947974 0.045074190047364474
-0.91795897949 0.047075534428132
-0.91695847924 0.04715737039961445
-0.915957978989 0.047126629066555695
-0.914957478739 0.04737788809461338
-0.913956978489 0.04806685440688864
-0.912956478239 0.04846834084747487
-0.911955977989 0.04838428304598167
-0.910955477739 0.04816289449222195
-0.909954977489 0.05116035941173291
-0.908954477239 0.044060171000376375
-0.907953976988 0.04278970806631256
-0.906953476738 0.043497013313000675
-0.905952976488 0.04323295613970493
-0.904952476238 0.04322767688645827
-0.903951975988 0.04320462150676563
-0.902951475738 0.04318607632483813
-0.901950975488 0.04343246035281213
-0.900950475238 0.04379411049924541
-0.899949974987 0.04417028814955227
-0.898949474737 0.06344126738073849
-0.897948974487 0.07108968423153485
-0.896948474237 0.07496975280902039
-0.895947973987 0.07546862484844132
-0.894947473737 0.07792782619335577
-0.893946973487 0.08042154802360225
-0.892946473237 0.08385586793091661
-0.891945972986 0.08781424298882626
-0.890945472736 0.09398869315836218
-0.889944972486 0.1342967224062611
-0.888944472236 0.09679613026168576
-0.887943971986 0.09169717803796232
-0.886943471736 0.08210734756977875
-0.885942971486 0.07941113163951276
-0.884942471236 0.07595526867169743
-0.883941970985 0.07422399330539768
-0.882941470735 0.07474889227882092
-0.881940970485 0.07061741655424
-0.880940470235 0.07446510445814149
-0.879939969985 0.07402784662785868
-0.878939469735 0.07153536411328269
-0.877938969485 0.07045463923539926
-0.876938469235 0.07075401138651136
-0.875937968984 0.06845944366956809
-0.874937468734 0.06694782766421183
-0.873936968484 0.06593662952603967
-0.872936468234 0.06884839277088155
-0.871935967984 0.06818796036392644
-0.870935467734 0.06907344875631273
-0.869934967484 0.06811416414334152
-0.868934467234 0.07015086184332726
-0.867933966983 0.07127553501862262
-0.866933466733 0.05502396686325742
-0.865932966483 0.05401679077012577
-0.864932466233 0.053520209676840194
-0.863931965983 0.05484097874312584
-0.862931465733 0.05758649614069113
-0.861930965483 0.0568119555590652
-0.860930465233 0.05600365713315364
-0.859929964982 0.055421062100850196
-0.858929464732 0.05469122389973165
-0.857928964482 0.054705661886860726
-0.856928464232 0.054982972794589774
-0.855927963982 0.055049049810329174
-0.854927463732 0.05534716227078941
-0.853926963482 0.05569402589622711
-0.852926463232 0.05715305969656973
-0.851925962981 0.05630277872351659
-0.850925462731 0.05534266742588916
-0.849924962481 0.055203601540418784
-0.848924462231 0.053570091527214335
-0.847923961981 0.051760853038774264
-0.846923461731 0.050668725864368866
-0.845922961481 0.05008194652818791
-0.844922461231 0.04965043996485734
-0.84392196098 0.0490527328283687
-0.84292146073 0.0489055982587317
-0.84192096048 0.04865773417772631
-0.84092046023 0.04835599380866267
-0.83991995998 0.048241546112500214
-0.83891945973 0.04754606827863428
-0.83791895948 0.04742304508751939
-0.83691845923 0.04815128483170208
-0.835917958979 0.04521656633434325
-0.834917458729 0.0451842877729648
-0.833916958479 0.04514574538876957
-0.832916458229 0.045002915727593
-0.831915957979 0.04491810908774126
-0.830915457729 0.04482663921567127
-0.829914957479 0.04510880759493267
-0.828914457229 0.04519609599615282
-0.827913956978 0.04529627498553544
-0.826913456728 0.04606945997301773
-0.825912956478 0.04646157481787426
-0.824912456228 0.04660219883121535
-0.823911955978 0.047022287552603244
-0.822911455728 0.04682071570052591
-0.821910955478 0.04723175084812495
-0.820910455228 0.047245072118112415
-0.819909954977 0.04699348947437441
-0.818909454727 0.047181715853180185
-0.817908954477 0.04719610226192494
-0.816908454227 0.0467924252274236
-0.815907953977 0.04674972604723522
-0.814907453727 0.04661421986668507
-0.813906953477 0.0473168082758688
-0.812906453227 0.04745304867806585
-0.811905952976 0.047202758670881674
-0.810905452726 0.047393514007026336
-0.809904952476 0.04739312397397404
-0.808904452226 0.04747043286799631
-0.807903951976 0.04811563521456
-0.806903451726 0.04879615034293128
-0.805902951476 0.05062694152573654
-0.804902451226 0.049344267747600354
-0.803901950975 0.04855505439526587
-0.802901450725 0.048289909427616295
-0.801900950475 0.04818891623322292
-0.800900450225 0.04838388706625478
-0.799899949975 0.04780543155537987
-0.798899449725 0.04736263859789204
-0.797898949475 0.04724087525259299
-0.796898449225 0.047363041340513105
-0.795897948974 0.04776919636356662
-0.794897448724 0.04746515344928227
-0.793896948474 0.04727350152900631
-0.792896448224 0.047575956292537185
-0.791895947974 0.04774304939542479
-0.790895447724 0.048170670730492575
-0.789894947474 0.03813338525045885
-0.788894447224 0.038087077337434314
-0.787893946973 0.038043935061227246
-0.786893446723 0.03801620692869524
-0.785892946473 0.038054211952190616
-0.784892446223 0.03811320692118953
-0.783891945973 0.03830429082142847
-0.782891445723 0.037902835778685355
-0.781890945473 0.037698160556043095
-0.780890445223 0.03754666698800718
-0.779889944972 0.03750307387298663
-0.778889444722 0.0374047356824842
-0.777888944472 0.037318827775841834
-0.776888444222 0.037303286257636195
-0.775887943972 0.03765969636261593
-0.774887443722 0.03742864788383022
-0.773886943472 0.03752271332129037
-0.772886443222 0.03759730737493144
-0.771885942971 0.03763263977224294
-0.770885442721 0.03778326916106859
-0.769884942471 0.03751558163624834
-0.768884442221 0.037401204389860526
-0.767883941971 0.03781499665397063
-0.766883441721 0.03745118142662554
-0.765882941471 0.038447198854386036
-0.764882441221 0.03812183575845595
-0.76388194097 0.038649465037189724
-0.76288144072 0.03800054336185593
-0.76188094047 0.03763986600029667
-0.76088044022 0.03766035915640559
-0.75987993997 0.03768872327355579
-0.75887943972 0.03774290920920148
-0.75787893947 0.03793182025089511
-0.75687843922 0.03784683411268109
-0.755877938969 0.03787411925115185
-0.754877438719 0.03794919594466681
-0.753876938469 0.03797543921660919
-0.752876438219 0.03805496098754494
-0.751875937969 0.038225271380548174
-0.750875437719 0.038407854152162
-0.749874937469 0.03862609983980595
-0.748874437219 0.03887759267937988
-0.747873936968 0.03912566991664659
-0.746873436718 0.039420025963513544
-0.745872936468 0.03985524212372986
-0.744872436218 0.04024805849940882
-0.743871935968 0.040691533356262036
-0.742871435718 0.04117062219208069
-0.741870935468 0.042024581595571465
-0.740870435218 0.04297837877882005
-0.739869934967 0.044685676734433806
-0.738869434717 0.046567861682957734
-0.737868934467 0.04941914895497241
-0.736868434217 0.045223738661672626
-0.735867933967 0.04379055055543008
-0.734867433717 0.043169969334469496
-0.733866933467 0.04311060112707047
-0.732866433217 0.04283441145052666
-0.731865932966 0.04312880062184443
-0.730865432716 0.04304434206461812
-0.729864932466 0.042462947598993245
-0.728864432216 0.04237090261010351
-0.727863931966 0.04233730840151456
-0.726863431716 0.04199182410191537
-0.725862931466 0.04163586441046855
-0.724862431216 0.041217578996100776
-0.723861930965 0.04117528038989592
-0.722861430715 0.04106503524985182
-0.721860930465 0.040963583278792605
-0.720860430215 0.04092197170092558
-0.719859929965 0.04088254459518501
-0.718859429715 0.04082237421804652
-0.717858929465 0.04066547041137008
-0.716858429215 0.04050431928277479
-0.715857928964 0.04044009572230473
-0.714857428714 0.04042796932117304
-0.713856928464 0.040298053995747506
-0.712856428214 0.040140440324089824
-0.711855927964 0.039955258066413736
-0.710855427714 0.03979967497915834
-0.709854927464 0.039658088181226944
-0.708854427214 0.03953880920202904
-0.707853926963 0.03934369929468581
-0.706853426713 0.039250843635589734
-0.705852926463 0.03910707719447694
-0.704852426213 0.03901270704639467
-0.703851925963 0.03876200620819155
-0.702851425713 0.03857598894154266
-0.701850925463 0.03842160274921581
-0.700850425213 0.03834101035472867
-0.699849924962 0.03815669876737792
-0.698849424712 0.038081590610805745
-0.697848924462 0.03792427766601674
-0.696848424212 0.03766684846922848
-0.695847923962 0.03756606627970665
-0.694847423712 0.037403308215858126
-0.693846923462 0.03750741310768714
-0.692846423212 0.03743193625934436
-0.691845922961 0.037433995520065495
-0.690845422711 0.03719719743758188
-0.689844922461 0.036959177529712346
-0.688844422211 0.034834118337694245
-0.687843921961 0.03476066299021763
-0.686843421711 0.03474780193433989
-0.685842921461 0.03483246467404929
-0.684842421211 0.03482729820167373
-0.68384192096 0.03480724322077365
-0.68284142071 0.03467519633619531
-0.68184092046 0.034649729516010974
-0.68084042021 0.03484119915552285
-0.67983991996 0.03498217321683611
-0.67883941971 0.03510235534000348
-0.67783891946 0.0357206378216012
-0.67683841921 0.034971290534130915
-0.675837918959 0.03539376246463715
-0.674837418709 0.03553734074544424
-0.673836918459 0.03559472654332574
-0.672836418209 0.035823226766921276
-0.671835917959 0.0357660643671679
-0.670835417709 0.03550643235004366
-0.669834917459 0.03307349547975599
-0.668834417209 0.03314584611196522
-0.667833916958 0.033674236183086
-0.666833416708 0.03472250308018685
-0.665832916458 0.032808961699593034
-0.664832416208 0.03214386695134098
-0.663831915958 0.032010569888982814
-0.662831415708 0.031535835852823796
-0.661830915458 0.03146348809857919
-0.660830415208 0.03147594565851197
-0.659829914957 0.03155178320105508
-0.658829414707 0.03160949505194839
-0.657828914457 0.03170419093960563
-0.656828414207 0.031828941123023244
-0.655827913957 0.03186686304266258
-0.654827413707 0.03189091852525289
-0.653826913457 0.03201778116037832
-0.652826413207 0.0320062546859565
-0.651825912956 0.03217566058624113
-0.650825412706 0.032170944347538845
-0.649824912456 0.03224534427091964
-0.648824412206 0.03239518747069028
-0.647823911956 0.03239186423992048
-0.646823411706 0.0325129346411087
-0.645822911456 0.032552467372569345
-0.644822411206 0.0327199318949132
-0.643821910955 0.032861660378259515
-0.642821410705 0.032940381243391374
-0.641820910455 0.03304251512374544
-0.640820410205 0.03324184993482673
-0.639819909955 0.03381943888976623
-0.638819409705 0.034063048226387074
-0.637818909455 0.03431158807310268
-0.636818409205 0.03458886993238104
-0.635817908954 0.03486252959142667
-0.634817408704 0.035274397553057994
-0.633816908454 0.03562383650350917
-0.632816408204 0.035327703121560944
-0.631815907954 0.03550831856279634
-0.630815407704 0.035715541827534975
-0.629814907454 0.03601266435838652
-0.628814407204 0.035654402628454505
-0.627813906953 0.03581858235953871
-0.626813406703 0.03609650344984193
-0.625812906453 0.03609652329150734
-0.624812406203 0.0355807791699519
-0.623811905953 0.03560194480283504
-0.622811405703 0.03585594503531546
-0.621810905453 0.036387529528267175
-0.620810405203 0.03696502874014038
-0.619809904952 0.03747519018433714
-0.618809404702 0.03755075569320487
-0.617808904452 0.03725923844032404
-0.616808404202 0.03722506392346662
-0.615807903952 0.03727857903408271
-0.614807403702 0.03744517823111285
-0.613806903452 0.03783162967744616
-0.612806403202 0.038204601125911106
-0.611805902951 0.038604800542541826
-0.610805402701 0.03920934850149899
-0.609804902451 0.03949388100486121
-0.608804402201 0.04009236178640502
-0.607803901951 0.04062812451262893
-0.606803401701 0.04276900901531234
-0.605802901451 0.03793599655184767
-0.604802401201 0.03842550764152539
-0.60380190095 0.03853507344711379
-0.6028014007 0.03846881725706133
-0.60180090045 0.03867004793610236
-0.6008004002 0.03905769781984432
-0.59979989995 0.03930707799711175
-0.5987993997 0.03974327529697977
-0.59779889945 0.0398188392045115
-0.5967983992 0.04005526239140809
-0.595797898949 0.04028286464191598
-0.594797398699 0.04059653582552895
-0.593796898449 0.04119272008713894
-0.592796398199 0.042263747536380555
-0.591795897949 0.042236853311046464
-0.590795397699 0.04262932101883807
-0.589794897449 0.041959262323778085
-0.588794397199 0.04223707107890033
-0.587793896948 0.04278653744864671
-0.586793396698 0.04316374225884678
-0.585792896448 0.04198432007757672
-0.584792396198 0.04211440892975282
-0.583791895948 0.0420947628962492
-0.582791395698 0.04295648533835554
-0.581790895448 0.044626005905582175
-0.580790395198 0.04469411585597727
-0.579789894947 0.04293554828912052
-0.578789394697 0.04299925324109072
-0.577788894447 0.03624561283650834
-0.576788394197 0.03608400630296448
-0.575787893947 0.03591140656976412
-0.574787393697 0.03593107242908289
-0.573786893447 0.03609594017303627
-0.572786393197 0.036136113996125784
-0.571785892946 0.03615179873847792
-0.570785392696 0.03634132661247845
-0.569784892446 0.03647046205895054
-0.568784392196 0.036658141236574945
-0.567783891946 0.03687372968389041
-0.566783391696 0.037408873297430194
-0.565782891446 0.03767446579758489
-0.564782391196 0.03796247630913891
-0.563781890945 0.03825495141385008
-0.562781390695 0.038332456358323413
-0.561780890445 0.040152758281775676
-0.560780390195 0.03778785889407829
-0.559779889945 0.03825381149552146
-0.558779389695 0.03807748397362454
-0.557778889445 0.03890363969857752
-0.556778389195 0.03636470001698842
-0.555777888944 0.036832870484903496
-0.554777388694 0.036960378913155095
-0.553776888444 0.0363965008979392
-0.552776388194 0.035537055728584684
-0.551775887944 0.03625918077138535
-0.550775387694 0.03591895641917353
-0.549774887444 0.03575402543217662
-0.548774387194 0.03588133137207205
-0.547773886943 0.03580656585058921
-0.546773386693 0.035808691556463594
-0.545772886443 0.03606099937447857
-0.544772386193 0.03634338766975861
-0.543771885943 0.03642379872591503
-0.542771385693 0.03728693232223774
-0.541770885443 0.03750619157927502
-0.540770385193 0.035690642889512986
-0.539769884942 0.030913307910805012
-0.538769384692 0.03093931502526154
-0.537768884442 0.03091574858274
-0.536768384192 0.030990448213851204
-0.535767883942 0.031120428612156345
-0.534767383692 0.0313372421259727
-0.533766883442 0.03173657060097128
-0.532766383192 0.03160951186881333
-0.531765882941 0.03200104527600814
-0.530765382691 0.03187972493293234
-0.529764882441 0.03178120885489548
-0.528764382191 0.03192706597815835
-0.527763881941 0.03256770029388277
-0.526763381691 0.032123295938327155
-0.525762881441 0.03164991673886823
-0.524762381191 0.0306213669401981
-0.52376188094 0.029644435556429514
-0.52276138069 0.02956081955494297
-0.52176088044 0.029335095132028345
-0.52076038019 0.02928040245958252
-0.51975987994 0.029290773172510526
-0.51875937969 0.02941404355802888
-0.51775887944 0.029311939494227435
-0.51675837919 0.029481610051169754
-0.515757878939 0.029513593589248995
-0.514757378689 0.029867754130183208
-0.513756878439 0.030006838038921586
-0.512756378189 0.026815101304918744
-0.511755877939 0.02692751121841368
-0.510755377689 0.026960424544853354
-0.509754877439 0.02700005512562643
-0.508754377189 0.02711903841857705
-0.507753876938 0.027209640780330824
-0.506753376688 0.02726033339059116
-0.505752876438 0.02746908747207938
-0.504752376188 0.027664745188495047
-0.503751875938 0.027859024241404035
-0.502751375688 0.028207406450443537
-0.501750875438 0.028329340372483483
-0.500750375188 0.028125618084176306
-0.499749874937 0.027565869095797335
-0.498749374687 0.027231523947931435
-0.497748874437 0.02716801373781678
-0.496748374187 0.02710747747196024
-0.495747873937 0.027143353628359783
-0.494747373687 0.026793708479929054
-0.493746873437 0.026704594226407082
-0.492746373187 0.026574471696985055
-0.491745872936 0.02661001369922586
-0.490745372686 0.026683324076114852
-0.489744872436 0.026758791101607025
-0.488744372186 0.026725482044218263
-0.487743871936 0.026734341145114145
-0.486743371686 0.026737755167716
-0.485742871436 0.026802771499621642
-0.484742371186 0.02669784788316147
-0.483741870935 0.026682314878538053
-0.482741370685 0.026646774193804783
-0.481740870435 0.02667771536307662
-0.480740370185 0.026635123095974288
-0.479739869935 0.02658692717605029
-0.478739369685 0.026478648951889183
-0.477738869435 0.026478293540604318
-0.476738369185 0.02648469153443945
-0.475737868934 0.0267846190919866
-0.474737368684 0.0264342466848381
-0.473736868434 0.026259239487166162
-0.472736368184 0.026271114694489617
-0.471735867934 0.026267561897872174
-0.470735367684 0.02623448436981396
-0.469734867434 0.026248553895229565
-0.468734367184 0.026294975651886477
-0.467733866933 0.02634788128403756
-0.466733366683 0.02627062330003257
-0.465732866433 0.026304055738474517
-0.464732366183 0.02631721224705636
-0.463731865933 0.026207149094772435
-0.462731365683 0.026501192758556544
-0.461730865433 0.026866743725450493
-0.460730365183 0.026936752941180732
-0.459729864932 0.02694516375120105
-0.458729364682 0.026825966576477272
-0.457728864432 0.02677212503526607
-0.456728364182 0.026634556516774738
-0.455727863932 0.026574844630025126
-0.454727363682 0.026500291358452617
-0.453726863432 0.026485753086818453
-0.452726363182 0.02750916642831451
-0.451725862931 0.028294778806294902
-0.450725362681 0.0281917601870687
-0.449724862431 0.02834063385008549
-0.448724362181 0.027918645293213702
-0.447723861931 0.02812937304175972
-0.446723361681 0.028230636686143167
-0.445722861431 0.028223119822043535
-0.444722361181 0.02838917491469596
-0.44372186093 0.027973406424774944
-0.44272136068 0.028067727484722627
-0.44172086043 0.027650537089850227
-0.44072036018 0.027374223501944815
-0.43971985993 0.02728687402529959
-0.43871935968 0.02729574295467105
-0.43771885943 0.02751886884203131
-0.43671835918 0.02741814558339794
-0.435717858929 0.027580550534641698
-0.434717358679 0.02716929750881447
-0.433716858429 0.026860628878169906
-0.432716358179 0.026607056300259203
-0.431715857929 0.026491266688527058
-0.430715357679 0.02651180923365922
-0.429714857429 0.027066518096305038
-0.428714357179 0.026322551745669893
-0.427713856928 0.026085876730558274
-0.426713356678 0.026021663631521343
-0.425712856428 0.026383096879120153
-0.424712356178 0.026095531593815433
-0.423711855928 0.025626351925478758
-0.422711355678 0.025383804740693114
-0.421710855428 0.025140222211906184
-0.420710355178 0.024775129928532605
-0.419709854927 0.02445225341501427
-0.418709354677 0.024116526309067975
-0.417708854427 0.023812746972439184
-0.416708354177 0.023497621806819947
-0.415707853927 0.023138539684327813
-0.414707353677 0.02255696784574104
-0.413706853427 0.022211482731389714
-0.412706353177 0.02192198063773457
-0.411705852926 0.021614566015915087
-0.410705352676 0.02140978629204259
-0.409704852426 0.021280980646408487
-0.408704352176 0.02106987975346298
-0.407703851926 0.020885989528049646
-0.406703351676 0.02075341092127493
-0.405702851426 0.020539645756136166
-0.404702351176 0.02041029886173104
-0.403701850925 0.020336299777346977
-0.402701350675 0.020122906024310532
-0.401700850425 0.020037150640522968
-0.400700350175 0.019910032004071786
-0.399699849925 0.01977489502148484
-0.398699349675 0.01965221818867041
-0.397698849425 0.01964185767691141
-0.396698349175 0.019449856432022898
-0.395697848924 0.01944619374478303
-0.394697348674 0.019175131067998986
-0.393696848424 0.018893857943865104
-0.392696348174 0.018845216350265932
-0.391695847924 0.018572518300068286
-0.390695347674 0.018332155243009282
-0.389694847424 0.018125082656798255
-0.388694347174 0.01798442042804292
-0.387693846923 0.01775347949932399
-0.386693346673 0.017628852118591297
-0.385692846423 0.01746381542911805
-0.384692346173 0.017272787891683114
-0.383691845923 0.017155203052199232
-0.382691345673 0.01703382011048699
-0.381690845423 0.016876128448366792
-0.380690345173 0.016749376135828043
-0.379689844922 0.016640493621732328
-0.378689344672 0.016503684602786145
-0.377688844422 0.01639429441301973
-0.376688344172 0.01627622789743508
-0.375687843922 0.0161969438517613
-0.374687343672 0.016130215841640233
-0.373686843422 0.016079852057400916
-0.372686343172 0.016000789269959438
-0.371685842921 0.015887333741575315
-0.370685342671 0.015822844300063307
-0.369684842421 0.01571911991602718
-0.368684342171 0.015654917289679927
-0.367683841921 0.015621632674587237
-0.366683341671 0.015601382306065963
-0.365682841421 0.01554155751749487
-0.364682341171 0.015502651369302872
-0.36368184092 0.015434197315535437
-0.36268134067 0.01536477755471109
-0.36168084042 0.01530438075219259
-0.36068034017 0.01528190157171803
-0.35967983992 0.015221139589585582
-0.35867933967 0.015184511911489236
-0.35767883942 0.01516134365514759
-0.35667833917 0.015064395798412704
-0.355677838919 0.01507556117432621
-0.354677338669 0.015007973953684852
-0.353676838419 0.014958089198169634
-0.352676338169 0.0149314655766362
-0.351675837919 0.015089435502377138
-0.350675337669 0.01501993716998384
-0.349674837419 0.015038224296002805
-0.348674337169 0.01449437285523365
-0.347673836918 0.01414651117265156
-0.346673336668 0.013931972544771376
-0.345672836418 0.013765808558184283
-0.344672336168 0.013554213015605481
-0.343671835918 0.013542440358727148
-0.342671335668 0.01345859587027537
-0.341670835418 0.013318718481704328
-0.340670335168 0.013263306066401663
-0.339669834917 0.013167439484637652
-0.338669334667 0.013126811169419338
-0.337668834417 0.013041490473101242
-0.336668334167 0.012974242359180686
-0.335667833917 0.012988330046221826
-0.334667333667 0.012953814427920037
-0.333666833417 0.012894709043949792
-0.332666333167 0.012863500334853766
-0.331665832916 0.012804019877301183
-0.330665332666 0.012795572878215433
-0.329664832416 0.012750284503032349
-0.328664332166 0.012767700022703547
-0.327663831916 0.012769957505591099
-0.326663331666 0.01277205426561425
-0.325662831416 0.012801151615263507
-0.324662331166 0.012826544714064216
-0.323661830915 0.012866990554457869
-0.322661330665 0.012955309971480984
-0.321660830415 0.0129927898985844
-0.320660330165 0.013113291960217145
-0.319659829915 0.01318264304070087
-0.318659329665 0.01321343383015392
-0.317658829415 0.013380403520782113
-0.316658329165 0.01354707837919292
-0.315657828914 0.01381553457186947
-0.314657328664 0.014233612019887699
-0.313656828414 0.014630210054493803
-0.312656328164 0.015416141827899585
-0.311655827914 0.01677188168087154
-0.310655327664 0.021244775410380334
-0.309654827414 0.01245334997388269
-0.308654327164 0.011527947437188891
-0.307653826913 0.01154615000710665
-0.306653326663 0.01155580118533483
-0.305652826413 0.011567810543062829
-0.304652326163 0.011542886212876715
-0.303651825913 0.011536038925704808
-0.302651325663 0.011443411509115396
-0.301650825413 0.011447301805506797
-0.300650325163 0.011416834160385903
-0.299649824912 0.011416220982389619
-0.298649324662 0.011456593608667558
-0.297648824412 0.011443886158895928
-0.296648324162 0.011593591090061977
-0.295647823912 0.011361602047437202
-0.294647323662 0.01125979029742794
-0.293646823412 0.01120930810885528
-0.292646323162 0.009589264398538497
-0.291645822911 0.00959889337547146
-0.290645322661 0.00955962609655845
-0.289644822411 0.009532632204109518
-0.288644322161 0.009498894744824668
-0.287643821911 0.009489127859260673
-0.286643321661 0.009393997702883952
-0.285642821411 0.009388259251697745
-0.284642321161 0.009251563806027376
-0.28364182091 0.009184611740482592
-0.28264132066 0.009135305060194238
-0.28164082041 0.009042410996442592
-0.28064032016 0.008986702316493227
-0.27963981991 0.008881689817697967
-0.27863931966 0.008794815274528425
-0.27763881941 0.008754845180029294
-0.27663831916 0.008681406229641215
-0.275637818909 0.008641679339608315
-0.274637318659 0.008551312094666337
-0.273636818409 0.008518041853897533
-0.272636318159 0.008471569178016123
-0.271635817909 0.008443921798877076
-0.270635317659 0.008431799252216016
-0.269634817409 0.008444856949747568
-0.268634317159 0.008476880304333361
-0.267633816908 0.00844567501759943
-0.266633316658 0.008434965085073158
-0.265632816408 0.008459632906064793
-0.264632316158 0.008493380402508414
-0.263631815908 0.008521606980755388
-0.262631315658 0.00855088765228532
-0.261630815408 0.008550217939002899
-0.260630315158 0.008571284031653624
-0.259629814907 0.008590335813349554
-0.258629314657 0.008626454065337338
-0.257628814407 0.008658765779447058
-0.256628314157 0.0086763810489247
-0.255627813907 0.008694878256655816
-0.254627313657 0.00874164314649904
-0.253626813407 0.008786657582375904
-0.252626313157 0.008866095759263481
-0.251625812906 0.00903444135631097
-0.250625312656 0.009184961018089997
-0.249624812406 0.009358221353717125
-0.248624312156 0.009497189790036043
-0.247623811906 0.009555342674022329
-0.246623311656 0.009619594397463868
-0.245622811406 0.009762610197204313
-0.244622311156 0.009925126033350473
-0.243621810905 0.010391652371870482
-0.242621310655 0.010100695403486648
-0.241620810405 0.010063702909458804
-0.240620310155 0.009858622214061788
-0.239619809905 0.00974904120530171
-0.238619309655 0.00974854561457512
-0.237618809405 0.00971676703534599
-0.236618309155 0.009736420763751731
-0.235617808904 0.009900001105894778
-0.234617308654 0.010106930948630324
-0.233616808404 0.010416944535458687
-0.232616308154 0.011048793270156017
-0.231615807904 0.010999886809423296
-0.230615307654 0.011001051601832602
-0.229614807404 0.010769843342415313
-0.228614307154 0.011029529120683036
-0.227613806903 0.01092674121071259
-0.226613306653 0.011030114120846897
-0.225612806403 0.01129352786772162
-0.224612306153 0.015687255654148465
-0.223611805903 0.010999003861331956
-0.222611305653 0.010152515585894943
-0.221610805403 0.010068069189007722
-0.220610305153 0.010081034128930015
-0.219609804902 0.01010667007983017
-0.218609304652 0.010013309147627781
-0.217608804402 0.010055266972476093
-0.216608304152 0.009843755251270354
-0.215607803902 0.009855452314800768
-0.214607303652 0.009905643675067891
-0.213606803402 0.00978359028025347
-0.212606303152 0.00973092500306512
-0.211605802901 0.0097571375654952
-0.210605302651 0.009731313358971183
-0.209604802401 0.009754264216716177
-0.208604302151 0.00981227934826917
-0.207603801901 0.009784198389468295
-0.206603301651 0.009808321855593695
-0.205602801401 0.009866843804573014
-0.204602301151 0.009958336401036294
-0.2036018009 0.010062331412492981
-0.20260130065 0.010153097946212466
-0.2016008004 0.010218124127853242
-0.20060030015 0.010317665534141691
-0.1995997999 0.010374346254784042
-0.19859929965 0.010584663484263873
-0.1975987994 0.010463703775381502
-0.19659829915 0.010489266739342145
-0.195597798899 0.010621039306168735
-0.194597298649 0.010584647482839053
-0.193596798399 0.01065218955870259
-0.192596298149 0.010744358641860019
-0.191595797899 0.010768606603583588
-0.190595297649 0.010912624314655681
-0.189594797399 0.011307050718879762
-0.188594297149 0.011301586525921588
-0.187593796898 0.011278500961965863
-0.186593296648 0.011270011003111542
-0.185592796398 0.011357071913080103
-0.184592296148 0.011597923477946229
-0.183591795898 0.011715027041698111
-0.182591295648 0.011580369715505807
-0.181590795398 0.01154825672678246
-0.180590295148 0.011861300694604539
-0.179589794897 0.011841737508367532
-0.178589294647 0.01165665069548445
-0.177588794397 0.012098923601278965
-0.176588294147 0.01148207920201813
-0.175587793897 0.011571818540043022
-0.174587293647 0.010855863399162346
-0.173586793397 0.010766505126955036
-0.172586293147 0.003388370459455024
-0.171585792896 0.0033951973171856666
-0.170585292646 0.0034103347414236457
-0.169584792396 0.0034206842198519563
-0.168584292146 0.0034535409207220626
-0.167583791896 0.003406341468152877
-0.166583291646 0.0033578495473615727
-0.165582791396 0.003332921414945825
-0.164582291146 0.003331183344451811
-0.163581790895 0.003326430228607579
-0.162581290645 0.00332307729156303
-0.161580790395 0.0033387498244375185
-0.160580290145 0.0033531726065782904
-0.159579789895 0.0033724152579352636
-0.158579289645 0.003419115917827468
-0.157578789395 0.0034636817286923184
-0.156578289145 0.0035491587479008365
-0.155577788894 0.0034798321224720308
-0.154577288644 0.0034744260813751727
-0.153576788394 0.003500125029668592
-0.152576288144 0.003476781630989591
-0.151575787894 0.0034335282307613613
-0.150575287644 0.003426349644888679
-0.149574787394 0.0034361082648952444
-0.148574287144 0.0034465406812805347
-0.147573786893 0.00345178469416322
-0.146573286643 0.003477569728093657
-0.145572786393 0.0035256164239826113
-0.144572286143 0.0035657062181072225
-0.143571785893 0.0035400118590536173
-0.142571285643 0.003504794707364064
-0.141570785393 0.003515386667835174
-0.140570285143 0.003548825309004279
-0.139569784892 0.003577949425514229
-0.138569284642 0.003545262353296758
-0.137568784392 0.0035683165762694356
-0.136568284142 0.003532673392151654
-0.135567783892 0.0034960751298558556
-0.134567283642 0.0035642225419983634
-0.133566783392 0.003616124442448007
-0.132566283142 0.0036268723459487364
-0.131565782891 0.003604590128492025
-0.130565282641 0.0037177140213951816
-0.129564782391 0.0038267664863368377
-0.128564282141 0.00394548603002569
-0.127563781891 0.004803662119024601
-0.126563281641 0.0016634855550711667
-0.125562781391 0.0016641318767826071
-0.124562281141 0.0016840355089225902
-0.12356178089 0.0016983754558918137
-0.12256128064 0.0015834569238678694
-0.12156078039 0.0014839705734179332
-0.12056028014 0.0014396292685862919
-0.11955977989 0.0014400260766291818
-0.11855927964 0.0014322055997422847
-0.11755877939 0.0014191950191897885
-0.11655827914 0.0014106277244932217
-0.115557778889 0.0014049142142569505
-0.114557278639 0.0013976674736130646
-0.113556778389 0.001392320453601982
-0.112556278139 0.0013906996160231626
-0.111555777889 0.001386589953095857
-0.110555277639 0.001384862634477341
-0.109554777389 0.0013845201647183609
-0.108554277139 0.0013795230130401346
-0.107553776888 0.001372636851007203
-0.106553276638 0.0013656240304699314
-0.105552776388 0.0013569425207238222
-0.104552276138 0.0013497255417399534
-0.103551775888 0.0013494916895293067
-0.102551275638 0.0013472074983556471
-0.101550775388 0.0013461460999279326
-0.100550275138 0.0013248776955432234
-0.0995497748874 0.0012931108604460639
-0.0985492746373 0.001261314515560715
-0.0975487743872 0.0012491309318674554
-0.0965482741371 0.0012462957796746266
-0.0955477738869 0.0012437692844428528
-0.0945472736368 0.0012427385442629912
-0.0935467733867 0.0012416242092343661
-0.0925462731366 0.0012373723904708501
-0.0915457728864 0.001234714510591463
-0.0905452726363 0.001232556848465911
-0.0895447723862 0.0012327096705103974
-0.0885442721361 0.0012296988589755033
-0.0875437718859 0.0012272217263228453
-0.0865432716358 0.001231057314959952
-0.0855427713857 0.001229066157648093
-0.0845422711356 0.0012391222977947535
-0.0835417708854 0.0011584614495192172
-0.0825412706353 0.0011621414402044178
-0.0815407703852 0.001164371142085699
-0.0805402701351 0.0011642817492654666
-0.0795397698849 0.0011704054120510654
-0.0785392696348 0.0011765923660242651
-0.0775387693847 0.0011819055682289544
-0.0765382691346 0.0011868857055519352
-0.0755377688844 0.0011920808793220799
-0.0745372686343 0.001194980628464973
-0.0735367683842 0.0011940729960988213
-0.0725362681341 0.0011969480192867033
-0.0715357678839 0.0012024604272525545
-0.0705352676338 0.0012091589375061444
-0.0695347673837 0.0012154632694930433
-0.0685342671336 0.0012222553047946524
-0.0675337668834 0.0012284055073287197
-0.0665332666333 0.0012326992737011705
-0.0655327663832 0.0012366080761314591
-0.0645322661331 0.0012378189902298644
-0.0635317658829 0.0012450175820916762
-0.0625312656328 0.0012530520287171946
-0.0615307653827 0.0012614117077918523
-0.0605302651326 0.0012696803483552804
-0.0595297648824 0.0012786206855374517
-0.0585292646323 0.0012876543249979529
-0.0575287643822 0.0012961102977313375
-0.0565282641321 0.0013067585173818046
-0.0555277638819 0.0013190396922094683
-0.0545272636318 0.001328883682251913
-0.0535267633817 0.0013400719592912163
-0.0525262631316 0.001354768401727355
-0.0515257628814 0.001370788736198351
-0.0505252626313 0.0013886397236363974
-0.0495247623812 0.0014068790321270558
-0.0485242621311 0.0014344975157906806
-0.0475237618809 0.0014808514351577204
-0.0465232616308 0.0015984299916505153
-0.0455227613807 0.001501469565982461
-0.0445222611306 0.0015012906495026873
-0.0435217608804 0.0015355057211550074
-0.0425212606303 0.0015179476429663583
-0.0415207603802 0.0015157847896104144
-0.0405202601301 0.0015534725181676928
-0.0395197598799 0.001592776918983634
-0.0385192596298 0.001584582126613893
-0.0375187593797 0.0015491976478812992
-0.0365182591296 0.001529285991047661
-0.0355177588794 0.001572806598940078
-0.0345172586293 0.0016291205629728569
-0.0335167583792 0.0015507002647908493
-0.0325162581291 0.0015375914168031155
-0.0315157578789 0.001660736695279545
-0.0305152576288 0.0015224298276121074
-0.0295147573787 0.001795771164725255
-0.0285142571286 0.00012399973194661057
-0.0275137568784 0.00012381739048970667
-0.0265132566283 0.0001236446539877979
-0.0255127563782 0.00012344089503931447
-0.0245122561281 0.00012321122813087654
-0.0235117558779 0.00012324013358157364
-0.0225112556278 0.00012333169379776454
-0.0215107553777 0.0001233822688372675
-0.0205102551276 0.0001235989830128411
-0.0195097548774 0.00012412892425097771
-0.0185092546273 0.0001247490605460797
-0.0175087543772 0.0001247475427273785
-0.0165082541271 0.00012496425470397095
-0.0155077538769 0.00012941290060653051
-0.0145072536268 0.00012328451997269414
-0.0135067533767 0.0001232447457382518
-0.0125062531266 0.00012312030210806296
-0.0115057528764 0.00012219529609348658
-0.0105052526263 0.0001241217819863643
-0.00950475237619 0.00012356795373205006
-0.00850425212606 0.00012317772805971804
-0.00750375187594 0.0001205764885412981
-0.00650325162581 0.00011939604045534985
-0.00550275137569 0.00011766927239910809
-0.00450225112556 0.0001177725903258389
-0.00350175087544 0.00011806630238954468
-0.00250125062531 0.00011584721703298622
-0.00150075037519 0.00011354190650233479
-0.000500250125063 0.00011220813842093154
0.000500250125063 0.00011552961916749344
0.00150075037519 0.00011439532117058927
0.00250125062531 0.00012683170979765185
0.00350175087544 8.135460630305615e-05
0.00450225112556 2.096907016133545e-05
0.00550275137569 2.593806116557498e-05
0.00650325162581 3.090705216981445e-05
0.00750375187594 3.587604317405398e-05
0.00850425212606 4.068785172468862e-05
0.00950475237619 4.544564680477801e-05
0.0105052526263 6.350366422804361e-05
0.0115057528764 6.279206106844834e-05
0.0125062531266 6.386080250969726e-05
0.0135067533767 6.580627184570914e-05
0.0145072536268 7.401790824815314e-05
0.0155077538769 8.222954465059565e-05
0.0165082541271 9.044118105303817e-05
0.0175087543772 9.865281745548071e-05
0.0185092546273 0.00010675838940001467
0.0195097548774 0.00011471195735108347
0.0205102551276 0.00011423579517232829
0.0215107553777 0.0001354207581365728
0.0225112556278 0.00013798749783461216
0.0235117558779 0.000140554237532651
0.0245122561281 0.0001433943867413614
0.0255127563782 0.00014699453578585902
0.0265132566283 0.00015983311074987326
0.0275137568784 0.00017267168571388674
0.0285142571286 0.00018551026067790098
0.0295147573787 0.00019834883564191536
0.0305152576288 0.0002111869764738079
0.0315157578789 0.00022395366798067014
0.0325162581291 0.00021566176802247433
0.0335167583792 0.0002422316430668689
0.0345172586293 0.00024636344730262174
0.0355177588794 0.0002507135168831277
0.0365182591296 0.0002550635864636351
0.0375187593797 0.0002594136560441424
0.0385192596298 0.00027229504710900374
0.0395197598799 0.00029118489749302136
0.0405202601301 0.00031014426432142384
0.0415207603802 0.0003291051154195447
0.0425212606303 0.00034806596651766565
0.0435217608804 0.0003648105771368664
0.0445222611306 0.0003492993067162619
0.0455227613807 0.00037956786395364157
0.0465232616308 0.0003854363805739188
0.0475237618809 0.00039129790868653653
0.0485242621311 0.00039708027209800863
0.0495247623812 0.0004028881173301051
0.0505252626313 0.00041761417633630056
0.0515257628814 0.00044203473810962345
0.0525262631316 0.0004664148992571606
0.0535267633817 0.0004907950604046992
0.0545272636318 0.0005151752215522378
0.0555277638819 0.0005173430645467516
0.0565282641321 0.0004985640003342306
0.0575287643822 0.0005297333337499234
0.0585292646323 0.0005373326698487161
0.0595297648824 0.0005449317400439967
0.0605302651326 0.0005542636269214611
0.0615307653827 0.0005642480816954713
0.0625312656328 0.0005730233636466576
0.0635317658829 0.0005952389854888873
0.0645322661331 0.0006174546073311136
0.0655327663832 0.0006197514893933696
0.0665332666333 0.0006518571548826893
0.0675337668834 0.0006321509224539964
0.0685342671336 0.0006216628116460729
0.0695347673837 0.0006113372929148984
0.0705352676338 0.0005897183214990172
0.0715357678839 0.0006341324327876548
0.0725362681341 0.0006263394856500513
0.0735367683842 0.0006180279142218411
0.0745372686343 0.0006096678925876535
0.0755377688844 0.0005466615397904258
0.0765382691346 0.0006121213169172697
0.0775387693847 0.0005981682803869388
0.0785392696348 0.0005785284637977325
0.0795397698849 0.0005289361674485552
0.0805402701351 0.0005147671051951095
0.0815407703852 0.0005474212251970913
0.0825412706353 0.0005178494910237639
0.0835417708854 0.0004882781233935215
0.0845422711356 0.00046021264188415774
0.0855427713857 0.00046305597131995993
0.0865432716358 0.0005065439357270284
0.0875437718859 0.0005234671885511618
0.0885442721361 0.0005140490197277144
0.0895447723862 0.0005031820827857518
0.0905452726363 0.0004991759187762077
0.0915457728864 0.0005212401169236837
0.0925462731366 0.0005373484089553615
0.0935467733867 0.000545114490294052
0.0945472736368 0.0005482489589456534
0.0955477738869 0.000553771560962772
0.0965482741371 0.0005594898772762411
0.0975487743872 0.0005621778626790136
0.0985492746373 0.0005658577380981053
0.0995497748874 0.0005834279530511642
0.100550275138 0.000592550887595095
0.101550775388 0.000610709348816968
0.102551275638 0.0006227583022211905
0.103551775888 0.000634440298716005
0.104552276138 0.0006447912936675168
0.105552776388 0.0006549628751701893
0.106553276638 0.0008227863111021363
0.107553776888 0.0008335189912806869
0.108554277139 0.0008540595188644972
0.109554777389 0.0008526022609751157
0.110555277639 0.0008517362941031348
0.111555777889 0.0008595906615682283
0.112556278139 0.0008691222047277227
0.113556778389 0.0008878871476843953
0.114557278639 0.0008976176326116034
0.115557778889 0.0009028557840690145
0.11655827914 0.0009145571920421617
0.11755877939 0.0009165675598421336
0.11855927964 0.0009229461627775873
0.11955977989 0.0009288937726259712
0.12056028014 0.000936100159387164
0.12156078039 0.0009472823803897263
0.12256128064 0.000960041987404418
0.12356178089 0.0009698069084897047
0.124562281141 0.001007646539177387
0.125562781391 0.0010197714962788186
0.126563281641 0.0010297032267486466
0.127563781891 0.0010382960168632863
0.128564282141 0.0010430991084284641
0.129564782391 0.001048527986170033
0.130565282641 0.001056409046936105
0.131565782891 0.0010622518530353368
0.132566283142 0.0010696187204965416
0.133566783392 0.0010720714064676143
0.134567283642 0.0010786144984891034
0.135567783892 0.001087001809288299
0.136568284142 0.0010965310848165151
0.137568784392 0.0012141571355229737
0.138569284642 0.0017069023907189374
0.139569784892 0.001708046836202745
0.140570285143 0.001663843781881656
0.141570785393 0.001699338994436496
0.142571285643 0.001748991690945138
0.143571785893 0.001769527876205797
0.144572286143 0.0017457901214655545
0.145572786393 0.001736188979681438
0.146573286643 0.0017395174991158085
0.147573786893 0.001755724364064261
0.148574287144 0.0017758713412394014
0.149574787394 0.0017978678957180933
0.150575287644 0.001816032035587011
0.151575787894 0.001822360575381682
0.152576288144 0.0018204311477860373
0.153576788394 0.001823212089441645
0.154577288644 0.0018267775687594219
0.155577788894 0.0018856717111348593
0.156578289145 0.001918490210037976
0.157578789395 0.0019236284847951503
0.158579289645 0.0019397208733970181
0.159579789895 0.001957419938185057
0.160580290145 0.0019656926550895904
0.161580790395 0.0019632852160640616
0.162581290645 0.0019641715989250526
0.163581790895 0.0019650531959610716
0.164582291146 0.0019646572693576385
0.165582791396 0.0019742469242054355
0.166583291646 0.0019835842446877363
0.167583791896 0.0019944648931157377
0.168584292146 0.002007112531733762
0.169584792396 0.002021158902726574
0.170585292646 0.0020209284376818816
0.171585792896 0.0020287030443346416
0.172586293147 0.0020414442195293005
0.173586793397 0.002049270026497928
0.174587293647 0.0020634096861325843
0.175587793897 0.0020798338016145236
0.176588294147 0.0020814595330814123
0.177588794397 0.002083633827881817
0.178589294647 0.002086312111935995
0.179589794897 0.002090018299800235
0.180590295148 0.0020905934804496765
0.181590795398 0.002093252900977097
0.182591295648 0.00209800637688774
0.183591795898 0.0021026816060121002
0.184592296148 0.0021076115023187037
0.185592796398 0.002112422022621182
0.186593296648 0.0021187466209338906
0.187593796898 0.002126189287233349
0.188594297149 0.0021365600589849784
0.189594797399 0.0021457163311551972
0.190595297649 0.0021512884992868023
0.191595797899 0.002158693632095188
0.192596298149 0.002165819438646857
0.193596798399 0.0021735082031895925
0.194597298649 0.002214912603309485
0.195597798899 0.0034951755916655942
0.19659829915 0.0037291193455264602
0.1975987994 0.0034160085479384063
0.19859929965 0.0031919925636287576
0.1995997999 0.0032006819394663952
0.20060030015 0.003234178348092507
0.2016008004 0.0032440136889652564
0.20260130065 0.003163919806910295
0.2036018009 0.0031502273895274856
0.204602301151 0.00315669453774426
0.205602801401 0.0031681215393641097
0.206603301651 0.003181032274226126
0.207603801901 0.0031956869331989986
0.208604302151 0.003209507534903298
0.209604802401 0.0031933838353832276
0.210605302651 0.0031835669812649166
0.211605802901 0.0031861493652855163
0.212606303152 0.003189546273781956
0.213606803402 0.003198045604507643
0.214607303652 0.003205550279252525
0.215607803902 0.003212740129562667
0.216608304152 0.0032262672890328043
0.217608804402 0.003240460969260166
0.218609304652 0.0032442446428839963
0.219609804902 0.003247535633637485
0.220610305153 0.0032441395638124542
0.221610805403 0.003254085648702631
0.222611305653 0.0032563036132986648
0.223611805903 0.003257711514678612
0.224612306153 0.003260754887226739
0.225612806403 0.0032659968784445473
0.226613306653 0.003278492155662206
0.227613806903 0.0032840611551821527
0.228614307154 0.0032966403628071008
0.229614807404 0.003307852319786941
0.230615307654 0.003318558535296943
0.231615807904 0.00331780629276575
0.232616308154 0.0033106148386672094
0.233616808404 0.0033014819151007267
0.234617308654 0.0032941143624857726
0.235617808904 0.003301318260376402
0.236618309155 0.003312926118866407
0.237618809405 0.003303453644222315
0.238619309655 0.003308109750140376
0.239619809905 0.003317096073303617
0.240620310155 0.0033284259358744425
0.241620810405 0.0033349885872546903
0.242621310655 0.0033436606420808707
0.243621810905 0.0033526304129908612
0.244622311156 0.0033573988540603387
0.245622811406 0.0033756627707068176
0.246623311656 0.0033892799269875785
0.247623811906 0.0033942850229347963
0.248624312156 0.00340324565942739
0.249624812406 0.003401451540661965
0.250625312656 0.003403346509442625
0.251625812906 0.0033962322765128863
0.252626313157 0.0033952164526174417
0.253626813407 0.00339248764509758
0.254627313657 0.0033902583823567766
0.255627813907 0.0033914054718967223
0.256628314157 0.0034081503379158593
0.257628814407 0.003420508543598383
0.258629314657 0.003433217374749721
0.259629814907 0.003446425725608763
0.260630315158 0.0034531135174197475
0.261630815408 0.003462477552284352
0.262631315658 0.003473287027713729
0.263631815908 0.003486991783227909
0.264632316158 0.003498028649538368
0.265632816408 0.0035129434130174828
0.266633316658 0.0035253204400959694
0.267633816908 0.003534189053107611
0.268634317159 0.003553839161222026
0.269634817409 0.003567070035697654
0.270635317659 0.003576907160271649
0.271635817909 0.0036021845296005527
0.272636318159 0.003639783706434877
0.273636818409 0.003678979384732776
0.274637318659 0.003810889349181721
0.275637818909 0.003809937543856003
0.27663831916 0.003839621008187389
0.27763881941 0.003799451055021046
0.27863931966 0.0038270840272950873
0.27963981991 0.0038566968702779107
0.28064032016 0.003907596731745143
0.28164082041 0.003939033714598873
0.28264132066 0.003965095228556566
0.28364182091 0.003989187647914646
0.284642321161 0.004012278689154257
0.285642821411 0.0040388401616931
0.286643321661 0.004069625690034924
0.287643821911 0.0040819330126252145
0.288644322161 0.004107211959038286
0.289644822411 0.004132269298241162
0.290645322661 0.004153340998888819
0.291645822911 0.004172079316333549
0.292646323162 0.00419284158090963
0.293646823412 0.004215723928590421
0.294647323662 0.004239126266510372
0.295647823912 0.00426448218268404
0.296648324162 0.004289155387644731
0.297648824412 0.004321928620573539
0.298649324662 0.004329039130590883
0.299649824912 0.004388407380384298
0.300650325163 0.0044263427949664935
0.301650825413 0.004491828527416459
0.302651325663 0.004580378641941421
0.303651825913 0.00483888233510765
0.304652326163 0.004617665175697455
0.305652826413 0.00465501104807948
0.306653326663 0.004692540773330177
0.307653826913 0.0047395384600164405
0.308654327164 0.004786984975147948
0.309654827414 0.00481220945634685
0.310655327664 0.004847813996914496
0.311655827914 0.004894836426495221
0.312656328164 0.0049544973414131065
0.313656828414 0.004965119893857269
0.314657328664 0.005003157775003432
0.315657828914 0.0050451633175415305
0.316658329165 0.005116096180365711
0.317658829415 0.00518614548430201
0.318659329665 0.005235919050311477
0.319659829915 0.0053562824394523985
0.320660330165 0.005446023563867588
0.321660830415 0.0054434686137585855
0.322661330665 0.0054496472890219185
0.323661830915 0.005468410873289886
0.324662331166 0.005621692745071106
0.325662831416 0.005785206744581057
0.326663331666 0.0057322870088944685
0.327663831916 0.005802791349622874
0.328664332166 0.0060353224814703975
0.329664832416 0.006126693772210704
0.330665332666 0.006047868935790708
0.331665832916 0.006015610431312121
0.332666333167 0.00605294469846923
0.333666833417 0.0060327687729607015
0.334667333667 0.006005843714385954
0.335667833917 0.005980256426032969
0.336668334167 0.006026134396003507
0.337668834417 0.006078501346259974
0.338669334667 0.006241028164763375
0.339669834917 0.006399987315521631
0.340670335168 0.006558912995624227
0.341670835418 0.0070452884570980975
0.342671335668 0.006762898604121476
0.343671835918 0.006588655741325634
0.344672336168 0.00646574733906773
0.345672836418 0.006349884235283515
0.346673336668 0.006258188576503616
0.347673836918 0.006230568817352352
0.348674337169 0.006252135391146797
0.349674837419 0.006275980417391679
0.350675337669 0.006325080742939717
0.351675837919 0.0063572227321368495
0.352676338169 0.006259689184462363
0.353676838419 0.00626306825142222
0.354677338669 0.006279219914554861
0.355677838919 0.006301382116822306
0.35667833917 0.00635597090278514
0.35767883942 0.006292375176743388
0.35867933967 0.006276944927437864
0.35967983992 0.006271894700638872
0.36068034017 0.006283225057799479
0.36168084042 0.006286982604479909
0.36268134067 0.006300004396710714
0.36368184092 0.006328649657564525
0.364682341171 0.00635063693509298
0.365682841421 0.0063714968868389624
0.366683341671 0.006356668136897848
0.367683841921 0.006363038497941711
0.368684342171 0.00636917730065723
0.369684842421 0.006370146199325114
0.370685342671 0.006375938472475695
0.371685842921 0.006404256220280278
0.372686343172 0.006426030887172316
0.373686843422 0.0064481049355105
0.374687343672 0.0064572301004648044
0.375687843922 0.0064628458804141045
0.376688344172 0.006472644177788922
0.377688844422 0.006483225957254728
0.378689344672 0.0064957655451530335
0.379689844922 0.006511358729848702
0.380690345173 0.006532161096591467
0.381690845423 0.006549070203484256
0.382691345673 0.006565302308535162
0.383691845923 0.006590329254825424
0.384692346173 0.006614811997746178
0.385692846423 0.006731690118216398
0.386693346673 0.006877817696753663
0.387693846923 0.00703523286632633
0.388694347174 0.00749933533175687
0.389694847424 0.007236178105690359
0.390695347674 0.007198718554058461
0.391695847924 0.007279774104472089
0.392696348174 0.00737988501841574
0.393696848424 0.00735417727209578
0.394697348674 0.007376064064669146
0.395697848924 0.007391852993879756
0.396698349175 0.00743375058309712
0.397698849425 0.007443206472720944
0.398699349675 0.007429915203495715
0.399699849925 0.007426595259005197
0.400700350175 0.0074460867359921225
0.401700850425 0.00747152968152637
0.402701350675 0.007498882229350551
0.403701850925 0.007536932132794634
0.404702351176 0.007555902999428325
0.405702851426 0.007536174356735166
0.406703351676 0.0075778121971290715
0.407703851926 0.007632009478134532
0.408704352176 0.007605134260008101
0.409704852426 0.007618185451141805
0.410705352676 0.00764025665516475
0.411705852926 0.007663142418676533
0.412706353177 0.0076924605228111936
0.413706853427 0.007680505729974454
0.414707353677 0.007701883013899195
0.415707853927 0.007737075914181953
0.416708354177 0.007757426913727524
0.417708854427 0.0077833891622976804
0.418709354677 0.007801747759026699
0.419709854927 0.007828864136652697
0.420710355178 0.007858135118758434
0.421710855428 0.007952329232410254
0.422711355678 0.007951850758711918
0.423711855928 0.007950806487290789
0.424712356178 0.008009503183077882
0.425712856428 0.008069827413673396
0.426713356678 0.008020103915625652
0.427713856928 0.008041208674121978
0.428714357179 0.00805848232764129
0.429714857429 0.008079200812867523
0.430715357679 0.00808954306799175
0.431715857929 0.008101861147479966
0.432716358179 0.00813078176308948
0.433716858429 0.008163174328739389
0.434717358679 0.008198538077318693
0.435717858929 0.008239362721936101
0.43671835918 0.008286017397765537
0.43771885943 0.00828931761430442
0.43871935968 0.008311562796703685
0.43971985993 0.008361243057719537
0.44072036018 0.008398106790182734
0.44172086043 0.008473805394561244
0.44272136068 0.008594531483986484
0.44372186093 0.008693321553926424
0.444722361181 0.008819915865719605
0.445722861431 0.009017233792992884
0.446723361681 0.009196287078880379
0.447723861931 0.009023054410520008
0.448724362181 0.009022878219090372
0.449724862431 0.009067320431583937
0.450725362681 0.009127089205714126
0.451725862931 0.00916587899760823
0.452726363182 0.009221722903460862
0.453726863432 0.009281306253564575
0.454727363682 0.009389466955372882
0.455727863932 0.009394570990513038
0.456728364182 0.009416312398677707
0.457728864432 0.009542726578131665
0.458729364682 0.009638019070146496
0.459729864932 0.009735422398739505
0.460730365183 0.01003234236085942
0.461730865433 0.010025644015166814
0.462731365683 0.00992047971806678
0.463731865933 0.009922336998915366
0.464732366183 0.009906593594042199
0.465732866433 0.009921513908975155
0.466733366683 0.00993558209967308
0.467733866933 0.009950583178850338
0.468734367184 0.009978007672322662
0.469734867434 0.010008302774090256
0.470735367684 0.010039961289469296
0.471735867934 0.0100618394784925
0.472736368184 0.010100674942907346
0.473736868434 0.010146502142271852
0.474737368684 0.010181430989058729
0.475737868934 0.010216351157803718
0.476738369185 0.01024943188063943
0.477738869435 0.010286272597874216
0.478739369685 0.010330532873100975
0.479739869935 0.010396924853852333
0.480740370185 0.01046487063775432
0.481740870435 0.01052120632003455
0.482741370685 0.010562385158972322
0.483741870935 0.010599296537169409
0.484742371186 0.010626185435584069
0.485742871436 0.010657025880810692
0.486743371686 0.010703683506930111
0.487743871936 0.010763700830132132
0.488744372186 0.01083465305111861
0.489744872436 0.010916078537770232
0.490745372686 0.011043737128273936
0.491745872936 0.011190420358454734
0.492746373187 0.011637455461022472
0.493746873437 0.011944660227344781
0.494747373687 0.01213637934797624
0.495747873937 0.01230957428475059
0.496748374187 0.01258134249667453
0.497748874437 0.012715968338410403
0.498749374687 0.012743420365990507
0.499749874937 0.012823807419032641
0.500750375188 0.012961336137564018
0.501750875438 0.013058798716610665
0.502751375688 0.013120632631531392
0.503751875938 0.013224584631535368
0.504752376188 0.013314646284524525
0.505752876438 0.01341023259254619
0.506753376688 0.013583848981392477
0.507753876938 0.013622675727489335
0.508754377189 0.01366012212511944
0.509754877439 0.01371452954139539
0.510755377689 0.013698620805802163
0.511755877939 0.013728022824785807
0.512756378189 0.01373357132754084
0.513756878439 0.013775829784012147
0.514757378689 0.013829276078418688
0.515757878939 0.01385966079355822
0.51675837919 0.013868927682859016
0.51775887944 0.013907927925403116
0.51875937969 0.013983252045642514
0.51975987994 0.014061228592381778
0.52076038019 0.014214373041995397
0.52176088044 0.014418638828148925
0.52276138069 0.014380994318174876
0.52376188094 0.014375853220764631
0.524762381191 0.014350660852375418
0.525762881441 0.014316450730678365
0.526763381691 0.014348390767624177
0.527763881941 0.014408755448812803
0.528764382191 0.014529875454930074
0.529764882441 0.01458600055168353
0.530765382691 0.014668946342490118
0.531765882941 0.014727958102280597
0.532766383192 0.014762781605630671
0.533766883442 0.014878306759283257
0.534767383692 0.014883123358246616
0.535767883942 0.014970704476940464
0.536768384192 0.015093118969299837
0.537768884442 0.015223576912386473
0.538769384692 0.01551097571983694
0.539769884942 0.015554154768930437
0.540770385193 0.01564216581943857
0.541770885443 0.015654067780290402
0.542771385693 0.016030369502400995
0.543771885943 0.015917312866523488
0.544772386193 0.01574690784610468
0.545772886443 0.015761649701747694
0.546773386693 0.01578198070188347
0.547773886943 0.015808124729440588
0.548774387194 0.01592364034495846
0.549774887444 0.015902999687305193
0.550775387694 0.01589276215571779
0.551775887944 0.015946599455298367
0.552776388194 0.01614244779451765
0.553776888444 0.016379201685552215
0.554777388694 0.016626354625590572
0.555777888944 0.017233590328830675
0.556778389195 0.0168713772437465
0.557778889445 0.01713318857907846
0.558779389695 0.017233572716204557
0.559779889945 0.017558541946173994
0.560780390195 0.01747167556940931
0.561780890445 0.01758748830166089
0.562781390695 0.01774877792424471
0.563781890945 0.01785268632923084
0.564782391196 0.018046773337812145
0.565782891446 0.018551276568029712
0.566783391696 0.019062040465707152
0.567783891946 0.019930469286595046
0.568784392196 0.02018102939415605
0.569784892446 0.020259309890927654
0.570785392696 0.02027702221197642
0.571785892946 0.020112032338877664
0.572786393197 0.019713492942645763
0.573786893447 0.019657707848620344
0.574787393697 0.019681077869315902
0.575787893947 0.019798830310211426
0.576788394197 0.01999144868249214
0.577788894447 0.020186843093719837
0.578789394697 0.020365064442301965
0.579789894947 0.020321242351972094
0.580790395198 0.02038848865922216
0.581790895448 0.02071886038385615
0.582791395698 0.02065289675350244
0.583791895948 0.02091320180812974
0.584792396198 0.02113857002790023
0.585792896448 0.02114468544024792
0.586793396698 0.021411420679236622
0.587793896948 0.021657593232826886
0.588794397199 0.021659976866319125
0.589794897449 0.021836775709546126
0.590795397699 0.022345825972789148
0.591795897949 0.022187634353541347
0.592796398199 0.022364759163178427
0.593796898449 0.02259793197914979
0.594797398699 0.02266788708053864
0.595797898949 0.02280986673666286
0.5967983992 0.023019488378286573
0.59779889945 0.023057075116169223
0.5987993997 0.02329135917022577
0.59979989995 0.023672174866674528
0.6008004002 0.02359805661474696
0.60180090045 0.02601791427195996
0.6028014007 0.028485729104186116
0.60380190095 0.030583338123269323
0.604802401201 0.03244923859161116
0.605802901451 0.033373142345960366
0.606803401701 0.034999240955338504
0.607803901951 0.034405279822196516
0.608804402201 0.033344878798040045
0.609804902451 0.03232451290403892
0.610805402701 0.03228200880041305
0.611805902951 0.03221438598973287
0.612806403202 0.0322243593880309
0.613806903452 0.032612296523003945
0.614807403702 0.032916711612387656
0.615807903952 0.03325763227771956
0.616808404202 0.03353113431911853
0.617808904452 0.03376573343450681
0.618809404702 0.03402002919097403
0.619809904952 0.03484990370485029
0.620810405203 0.03649958332075066
0.621810905453 0.03615382843192025
0.622811405703 0.03564394093298232
0.623811905953 0.034742292894402026
0.624812406203 0.034593118684561885
0.625812906453 0.03417925588205534
0.626813406703 0.03400265398097173
0.627813906953 0.034142250871447045
0.628814407204 0.0341961158500881
0.629814907454 0.03431313119056607
0.630815407704 0.03450146469367102
0.631815907954 0.0354193944784784
0.632816408204 0.03491402991591905
0.633816908454 0.034985703307941846
0.634817408704 0.0346613328764469
0.635817908954 0.03468767070556763
0.636818409205 0.03478438774640002
0.637818909455 0.034808443033221975
0.638819409705 0.03478845781409285
0.639819909955 0.03485054748138065
0.640820410205 0.034993958073141984
0.641820910455 0.035149149954493523
0.642821410705 0.0352980186932613
0.643821910955 0.03547569390142373
0.644822411206 0.035671155465850014
0.645822911456 0.03587320661258767
0.646823411706 0.0360793926956982
0.647823911956 0.0365938242286193
0.648824412206 0.03784146334273747
0.649824912456 0.03863709721516571
0.650825412706 0.03924193443120305
0.651825912956 0.04000057446252406
0.652826413207 0.04064842692279885
0.653826913457 0.04095866334265852
0.654827413707 0.040746007974498254
0.655827913957 0.040888793030382876
0.656828414207 0.04097732710639618
0.657828914457 0.041184635720402964
0.658829414707 0.04147828005268283
0.659829914957 0.04195380364127874
0.660830415208 0.04242059950578036
0.661830915458 0.04288147880040853
0.662831415708 0.04365284414835645
0.663831915958 0.0440296457088133
0.664832416208 0.043923461796359566
0.665832916458 0.044185450105234295
0.666833416708 0.04447335475053652
0.667833916958 0.044917277516731906
0.668834417209 0.0453663727749486
0.669834917459 0.04554581531625022
0.670835417709 0.04559835571578628
0.671835917959 0.046052073307976164
0.672836418209 0.046745673809788404
0.673836918459 0.047519375657176344
0.674837418709 0.04778981415803181
0.675837918959 0.04790250891916779
0.67683841921 0.048735956586884156
0.67783891946 0.0497589509920676
0.67883941971 0.05086038924784846
0.67983991996 0.053837502855215116
0.68084042021 0.05424149595880933
0.68184092046 0.05631612898884739
0.68284142071 0.05838825644175728
0.68384192096 0.06044398464129044
0.684842421211 0.06263921535456314
0.685842921461 0.0683621732678455
0.686843421711 0.06896478483699836
0.687843921961 0.06669143015998445
0.688844422211 0.0635621700746179
0.689844922461 0.061665943432029496
0.690845422711 0.060877286894840316
0.691845922961 0.06053655993627763
0.692846423212 0.06353184057512755
0.693846923462 0.06362114791699752
0.694847423712 0.06404164581099586
0.695847923962 0.06389652056246148
0.696848424212 0.06336977570909061
0.697848924462 0.06341094155860487
0.698849424712 0.0634081387467668
0.699849924962 0.06537094384303373
0.700850425213 0.0660312497894128
0.701850925463 0.065142469831906
0.702851425713 0.06559185973699819
0.703851925963 0.06569737038899577
0.704852426213 0.06528306197825658
0.705852926463 0.06525137168037845
0.706853426713 0.06582567527081935
0.707853926963 0.06642322797049782
0.708854427214 0.06756156835200798
0.709854927464 0.0680688639619467
0.710855427714 0.06795096476901659
0.711855927964 0.06851715006183154
0.712856428214 0.06932951112287697
0.713856928464 0.07069436378402236
0.714857428714 0.07015243363453953
0.715857928964 0.07095198565436868
0.716858429215 0.06980067329351326
0.717858929465 0.06981926328838989
0.718859429715 0.06977126179272419
0.719859929965 0.06974174990695164
0.720860430215 0.06947215867721532
0.721860930465 0.06958456511188534
0.722861430715 0.0694633920125033
0.723861930965 0.06960820474801097
0.724862431216 0.06966682872545496
0.725862931466 0.07001340094505322
0.726863431716 0.07037314676070534
0.727863931966 0.07079155318095974
0.728864432216 0.07142985399828594
0.729864932466 0.0719726966249815
0.730865432716 0.07240556400057489
0.731865932966 0.07213692613047427
0.732866433217 0.07247590888248524
0.733866933467 0.07264516129297206
0.734867433717 0.0734311397760831
0.735867933967 0.07331930015984803
0.736868434217 0.07355938544818594
0.737868934467 0.07391590126726755
0.738869434717 0.07404127861736326
0.739869934967 0.07427311579627952
0.740870435218 0.0748446950710456
0.741870935468 0.07490751270777701
0.742871435718 0.07516448249766497
0.743871935968 0.07625367906153196
0.744872436218 0.0770540026633647
0.745872936468 0.07647829680193682
0.746873436718 0.07770306074832968
0.747873936968 0.07888421996271125
0.748874437219 0.07974374576314798
0.749874937469 0.0796899846487617
0.750875437719 0.08082068226661122
0.751875937969 0.08110780540943194
0.752876438219 0.08039121688091315
0.753876938469 0.08063773828631043
0.754877438719 0.08119764732612894
0.755877938969 0.08141392488119689
0.75687843922 0.08174911901721058
0.75787893947 0.08201268759100055
0.75887943972 0.08175671861697546
0.75987993997 0.0817963434596927
0.76088044022 0.08182372297824955
0.76188094047 0.08233664058036305
0.76288144072 0.08324261732487113
0.76388194097 0.08583323291355588
0.764882441221 0.08361065152187411
0.765882941471 0.08298720131779821
0.766883441721 0.08284826955138383
0.767883941971 0.08300247503812129
0.768884442221 0.08422898471005014
0.769884942471 0.08364128397118377
0.770885442721 0.08820424656262618
0.771885942971 0.08717961080437106
0.772886443222 0.08830285995865826
0.773886943472 0.09111315468201067
0.774887443722 0.08625023069862674
0.775887943972 0.08574468002649455
0.776888444222 0.08547655986865343
0.777888944472 0.08510217981141933
0.778889444722 0.08527864964859984
0.779889944972 0.0855563114589319
0.780890445223 0.08646726399016828
0.781890945473 0.08749169844536048
0.782891445723 0.08545258153893784
0.783891945973 0.08507792865967688
0.784892446223 0.08521298342213736
0.785892946473 0.08501985569411732
0.786893446723 0.08515438890977375
0.787893946973 0.08549605567063528
0.788894447224 0.08612826789172495
0.789894947474 0.08664493118322104
0.790895447724 0.08754835641045758
0.791895947974 0.08958233720385388
0.792896448224 0.08802626427764879
0.793896948474 0.08842245872959816
0.794897448724 0.08898535101745685
0.795897948974 0.08982990006256801
0.796898449225 0.09068700321367623
0.797898949475 0.09326220337032881
0.798899449725 0.09912452380456133
0.799899949975 0.09561996218678095
0.800900450225 0.09538063257163741
0.801900950475 0.09535037965461551
0.802901450725 0.09488018000409872
0.803901950975 0.0954784855060696
0.804902451226 0.09633919515973052
0.805902951476 0.09747095165083651
0.806903451726 0.0991629795586962
0.807903951976 0.09921450921258837
0.808904452226 0.10023022513196056
0.809904952476 0.10115173511765277
0.810905452726 0.10938423255076055
0.811905952976 0.1091008165011785
0.812906453227 0.11060481011665566
0.813906953477 0.10693525920764763
0.814907453727 0.10427494796393803
0.815907953977 0.0983232148899361
0.816908454227 0.0973838689337348
0.817908954477 0.09436332328712335
0.818909454727 0.09364860774760592
0.819909954977 0.09386622841560753
0.820910455228 0.09413063615253181
0.821910955478 0.09412593338776563
0.822911455728 0.09476249260877027
0.823911955978 0.095126647131608
0.824912456228 0.09623769872170582
0.825912956478 0.09465462514761805
0.826913456728 0.0944436925975167
0.827913956978 0.09417058982905062
0.828914457229 0.09437302213796889
0.829914957479 0.09480721788006921
0.830915457729 0.09574149020681472
0.831915957979 0.09420298647281733
0.832916458229 0.09388830720620561
0.833916958479 0.09386347744008998
0.834917458729 0.09423639562998448
0.835917958979 0.09474565479190258
0.83691845923 0.09663104639720425
0.83791895948 0.09281020056676312
0.83891945973 0.09324796462283398
0.83991995998 0.10006400939191178
0.84092046023 0.09893806666758667
0.84192096048 0.09892878198401835
0.84292146073 0.1006748880564708
0.84392196098 0.10207358979957895
0.844922461231 0.1017420987820077
0.845922961481 0.10206509411492003
0.846923461731 0.10266645134481638
0.847923961981 0.10327176269994023
0.848924462231 0.10413418387528171
0.849924962481 0.10469962142817725
0.850925462731 0.10539902462041513
0.851925962981 0.10604725715738006
0.852926463232 0.10727572452451621
0.853926963482 0.10801957510477148
0.854927463732 0.10912706863857725
0.855927963982 0.11033969679003072
0.856928464232 0.11179690394889262
0.857928964482 0.11315311089011867
0.858929464732 0.11443560721609466
0.859929964982 0.11601700662545829
0.860930465233 0.1179750883710589
0.861930965483 0.11972773592400202
0.862931465733 0.12358112406847434
0.863931965983 0.12065438774599935
0.864932466233 0.12254123439318682
0.865932966483 0.12407086222196849
0.866933466733 0.12625454232992725
0.867933966983 0.12755316476340847
0.868934467234 0.1283327041127071
0.869934967484 0.13145990666356566
0.870935467734 0.13471212862407517
0.871935967984 0.1389818176897727
0.872936468234 0.14710741170956837
0.873936968484 0.15580451167285675
0.874937468734 0.16978139729621228
0.875937968984 0.16654393931177758
0.876938469235 0.1351021434057513
0.877938969485 0.12866044841990426
0.878939469735 0.12564456825764497
0.879939969985 0.12446625768709148
0.880940470235 0.12379148029253403
0.881940970485 0.1234430103799402
0.882941470735 0.12322561209322093
0.883941970985 0.12399208461256522
0.884942471236 0.12425432112934061
0.885942971486 0.12536305687227312
0.886943471736 0.12682785285565254
0.887943971986 0.128290407873849
0.888944472236 0.13125847992395215
0.889944972486 0.13294185078834111
0.890945472736 0.1392299613269241
0.891945972986 0.14637969533626904
0.892946473237 0.1523647552866304
0.893946973487 0.15939369691640146
0.894947473737 0.1652691049258438
0.895947973987 0.1694547237412033
0.896948474237 0.17669050184315746
0.897948974487 0.19207322218672623
0.898949474737 0.20320250365681136
0.899949974987 0.18185388346676837
0.900950475238 0.16544657670595167
0.901950975488 0.1572567350952529
0.902951475738 0.1522651890959856
0.903951975988 0.14831663872404677
0.904952476238 0.14635853987500688
0.905952976488 0.14341776529563213
0.906953476738 0.14266357861657025
0.907953976988 0.14384579028008657
0.908954477239 0.14636688733060513
0.909954977489 0.13578704867664707
0.910955477739 0.13234936600489303
0.911955977989 0.12871990113898846
0.912956478239 0.12586527172591813
0.913956978489 0.12389040766651699
0.914957478739 0.12084743982999517
0.915957978989 0.12227961965949631
0.91695847924 0.11519615319204801
0.91795897949 0.11499774910040358
0.91895947974 0.13191912929077082
0.91995997999 0.16123010934888446
0.92096048024 0.17099624423440682
0.92196098049 0.1684251267209506
0.92296148074 0.15336437399795
0.92396198099 0.13987979192717956
0.924962481241 0.1381959871379121
0.925962981491 0.1246075753501667
0.926963481741 0.11620751079430475
0.927963981991 0.11213038644390474
0.928964482241 0.11285304842859699
0.929964982491 0.11857588502256071
0.930965482741 0.0988733802080248
0.931965982991 0.09582065194727601
0.932966483242 0.09444597395691821
0.933966983492 0.09310807712878463
0.934967483742 0.09236167078242624
0.935967983992 0.09124826288631468
0.936968484242 0.09002867964954124
0.937968984492 0.08907537519934555
0.938969484742 0.08875319588744267
0.939969984992 0.08801812570695292
0.940970485243 0.08808321970217937
0.941970985493 0.08771307481221272
0.942971485743 0.08731281663864794
0.943971985993 0.08702402052576354
0.944972486243 0.08667269562649718
0.945972986493 0.08607996105387818
0.946973486743 0.08589191170563229
0.947973986993 0.08565464997043108
0.948974487244 0.08504383113889497
0.949974987494 0.0847132621695358
0.950975487744 0.08432647161124697
0.951975987994 0.08376005203816869
0.952976488244 0.08314561856146521
0.953976988494 0.0826434523299651
0.954977488744 0.08243966831284047
0.955977988994 0.08230761794011886
0.956978489245 0.08281354470817469
0.957978989495 0.08319003461615042
0.958979489745 0.08386313406183495
0.959979989995 0.08447476529443422
0.960980490245 0.08548422264783838
0.961980990495 0.08885363676995356
0.962981490745 0.09670826648382577
0.963981990995 0.12282909780957257
0.964982491246 0.12945796630510298
0.965982991496 0.1352889649940842
0.966983491746 0.1389399696913588
0.967983991996 0.1511534871087351
0.968984492246 0.16319491646864365
0.969984992496 0.1557581257973572
0.970985492746 0.16445950748130492
0.971985992996 0.14711248193028592
0.972986493247 0.1437591310244561
0.973986993497 0.1370209243576316
0.974987493747 0.13978483481437123
0.975987993997 0.13351661916138208
0.976988494247 0.11874128257499761
0.977988994497 0.11489747639871628
0.978989494747 0.10807238012872109
0.979989994997 0.10680989069763674
0.980990495248 0.10515032867862693
0.981990995498 0.10345198941415029
0.982991495748 0.1031816074162013
0.983991995998 0.10261517819134282
0.984992496248 0.10223632479509885
0.985992996498 0.10229492316344992
0.986993496748 0.10368522842038354
0.987993996998 0.10387998315696878
0.988994497249 0.10371200747084985
0.989994997499 0.10497076689671049
0.990995497749 0.1065928019935252
0.991995997999 0.10861169709303238
0.992996498249 0.11563230013548734
0.993996998499 0.13264598755248352
0.994997498749 0.12033984104820265
0.995997999 0.11810117838086737
0.99699849925 0.11924571280674569
0.9979989995 0.11927250355613277
0.99899949975 0.12017041244965583
1.0 0.11268552765967857
